object={
	name="tree_leaf_high_generator_2_0"
	render_pass=Map
	clamp_to_water_level=no
	generated_content=yes
	layer="tree_high_layer"
	pdxmesh="tree_leaf_01_b_mesh"
	count=988
	transform="2838.629883 0.000000 1950.963135 0.000000 0.999801 0.000000 -0.019965 0.402193 0.402193 0.402193
2840.671631 0.000000 1941.863403 0.000000 0.668418 0.000000 0.743786 0.396650 0.396650 0.396650
2846.372314 0.000000 1955.339966 0.000000 0.786140 0.000000 -0.618048 0.404657 0.404657 0.404657
2827.514160 0.000000 1934.959839 0.000000 0.274060 0.000000 -0.961712 0.410977 0.410977 0.410977
2827.256836 0.000000 1961.112061 0.000000 0.905964 0.000000 -0.423354 0.408294 0.408294 0.408294
2831.438721 0.000000 1956.429688 0.000000 0.491551 0.000000 0.870849 0.378891 0.378891 0.378891
2815.731201 0.000000 1950.606689 0.000000 0.257375 0.000000 0.966312 0.356813 0.356813 0.356813
2870.026367 0.000000 1974.306274 0.000000 0.999614 0.000000 0.027765 0.399265 0.399265 0.399265
2868.023682 0.000000 1977.347046 0.000000 0.507122 0.000000 -0.861875 0.436313 0.436313 0.436313
2840.175781 0.000000 1944.845337 0.000000 0.661347 0.000000 -0.750080 0.433033 0.433033 0.433033
2821.102539 0.000000 1947.636108 0.000000 0.688553 0.000000 -0.725186 0.430787 0.430787 0.430787
2829.574463 0.000000 1937.115967 0.000000 0.783193 0.000000 0.621778 0.373197 0.373197 0.373197
2874.803711 0.000000 1970.257568 0.000000 0.038496 0.000000 -0.999259 0.463502 0.463502 0.463502
2838.970947 0.000000 1948.066040 0.000000 0.011957 0.000000 0.999929 0.249780 0.249780 0.249780
2843.950439 0.000000 1956.862549 0.000000 0.286057 0.000000 0.958212 0.355877 0.355877 0.355877
2831.627686 0.000000 1949.660889 0.000000 0.362262 0.000000 -0.932076 0.506062 0.506062 0.506062
2823.670654 0.000000 1956.624512 0.000000 0.792108 0.000000 -0.610380 0.458024 0.458024 0.458024
2828.825928 0.000000 1955.134155 0.000000 0.892345 0.000000 -0.451354 0.418705 0.418705 0.418705
2841.166992 0.000000 1950.000122 0.000000 0.762183 0.000000 -0.647362 0.462228 0.462228 0.462228
2828.835449 0.000000 1946.597168 0.000000 0.999998 0.000000 -0.002073 0.400168 0.400168 0.400168
2821.585693 0.000000 1950.268433 0.000000 0.724519 0.000000 -0.689255 0.463411 0.463411 0.463411
2825.455811 0.000000 1950.945312 0.000000 0.702941 0.000000 0.711249 0.336786 0.336786 0.336786
2858.967529 0.000000 1980.018799 0.000000 0.966294 0.000000 0.257441 0.389339 0.389339 0.389339
2843.966309 0.000000 1954.247192 0.000000 0.594659 0.000000 -0.803978 0.447566 0.447566 0.447566
2871.646240 0.000000 1979.832397 0.000000 0.465297 0.000000 0.885155 0.338136 0.338136 0.338136
2833.845703 0.000000 1955.732910 0.000000 0.148923 0.000000 0.988849 0.331161 0.331161 0.331161
2861.556152 0.000000 1980.038086 0.000000 0.314684 0.000000 -0.949197 0.478059 0.478059 0.478059
2872.517090 0.000000 1974.391602 0.000000 0.924948 0.000000 0.380093 0.380143 0.380143 0.380143
2817.946289 0.000000 1951.458252 0.000000 0.955370 0.000000 -0.295412 0.416321 0.416321 0.416321
2868.367432 0.000000 1979.612915 0.000000 0.936438 0.000000 0.350832 0.380491 0.380491 0.380491
2839.044678 0.000000 1957.825562 0.000000 0.325923 0.000000 -0.945396 0.471133 0.471133 0.471133
2829.463379 0.000000 1951.050049 0.000000 0.648512 0.000000 0.761205 0.340386 0.340386 0.340386
2874.414307 0.000000 1972.451904 0.000000 0.993568 0.000000 -0.113233 0.406912 0.406912 0.406912
2833.025635 0.000000 1953.795898 0.000000 0.109629 0.000000 0.993973 0.303711 0.303711 0.303711
2878.327637 0.000000 1980.010498 0.000000 0.685437 0.000000 -0.728132 0.456198 0.456198 0.456198
2830.776855 0.000000 1938.879883 0.000000 0.367804 0.000000 -0.929903 0.479898 0.479898 0.479898
2890.010498 0.000000 1981.229126 0.000000 0.460154 0.000000 0.887839 0.280522 0.280522 0.280522
2908.358887 0.000000 1978.228149 0.000000 0.371751 0.000000 -0.928333 0.421983 0.421983 0.421983
2892.156982 0.000000 1972.420776 0.000000 0.997622 0.000000 0.068916 0.398485 0.398485 0.398485
2896.659668 0.000000 1969.113892 0.000000 0.788377 0.000000 -0.615192 0.426799 0.426799 0.426799
2900.437256 0.000000 1970.699341 0.000000 0.997642 0.000000 0.068640 0.393414 0.393414 0.393414
2905.316650 0.000000 1972.222534 0.000000 0.140478 0.000000 -0.990084 0.536362 0.536362 0.536362
2886.174561 0.000000 1975.411499 0.000000 0.622890 0.000000 0.782309 0.361872 0.361872 0.361872
2881.598633 0.000000 1978.691895 0.000000 0.369367 0.000000 0.929283 0.299971 0.299971 0.299971
2922.959717 0.000000 1980.018799 0.000000 0.951620 0.000000 -0.307277 0.416063 0.416063 0.416063
2905.460693 0.000000 1982.631226 0.000000 0.941835 0.000000 -0.336076 0.417456 0.417456 0.417456
2915.626709 0.000000 1978.728271 0.000000 0.899529 0.000000 -0.436861 0.425283 0.425283 0.425283
2895.864502 0.000000 1979.159912 0.000000 0.833228 0.000000 -0.552930 0.444465 0.444465 0.444465
2897.594238 0.000000 1974.480347 0.000000 0.182081 0.000000 -0.983284 0.490076 0.490076 0.490076
2918.611328 0.000000 1979.249756 0.000000 0.150683 0.000000 -0.988582 0.489307 0.489307 0.489307
2898.251709 0.000000 1978.927246 0.000000 0.775907 0.000000 -0.630847 0.440902 0.440902 0.440902
2904.600586 0.000000 1968.223877 0.000000 0.052131 0.000000 0.998640 0.290050 0.290050 0.290050
2894.853271 0.000000 1977.213867 0.000000 0.915265 0.000000 -0.402852 0.427949 0.427949 0.427949
2898.614502 0.000000 1969.898315 0.000000 0.982986 0.000000 0.183680 0.388747 0.388747 0.388747
2887.971924 0.000000 1976.267944 0.000000 0.773694 0.000000 0.633560 0.356490 0.356490 0.356490
2859.599121 0.000000 1986.225952 0.000000 0.741336 0.000000 -0.671134 0.430491 0.430491 0.430491
2869.378418 0.000000 1986.558594 0.000000 0.365676 0.000000 0.930742 0.316365 0.316365 0.316365
2866.875488 0.000000 1989.261475 0.000000 0.558098 0.000000 -0.829775 0.459619 0.459619 0.459619
2890.820312 0.000000 2008.586792 0.000000 0.544531 0.000000 0.838741 0.388574 0.388574 0.388574
2883.817383 0.000000 1984.769287 0.000000 0.099625 0.000000 0.995025 0.375762 0.375762 0.375762
2906.674805 0.000000 1988.062744 0.000000 0.766564 0.000000 -0.642167 0.471377 0.471377 0.471377
2901.026123 0.000000 1995.141235 0.000000 0.442260 0.000000 -0.896887 0.437223 0.437223 0.437223
2888.256104 0.000000 2006.823975 0.000000 0.972258 0.000000 0.233913 0.390805 0.390805 0.390805
2911.150146 0.000000 1992.107788 0.000000 0.992042 0.000000 0.125910 0.395020 0.395020 0.395020
2891.045166 0.000000 2002.311035 0.000000 0.089926 0.000000 0.995948 0.277268 0.277268 0.277268
2883.882080 0.000000 1999.409546 0.000000 0.860308 0.000000 0.509775 0.374893 0.374893 0.374893
2923.591309 0.000000 1986.225952 0.000000 0.989737 0.000000 0.142899 0.392840 0.392840 0.392840
2902.709229 0.000000 1986.230713 0.000000 0.388245 0.000000 -0.921556 0.499488 0.499488 0.499488
2882.421387 0.000000 2001.653198 0.000000 0.982018 0.000000 0.188789 0.390991 0.390991 0.390991
2904.099609 0.000000 1995.985596 0.000000 0.884953 0.000000 -0.465681 0.424912 0.424912 0.424912
2908.616455 0.000000 1993.619141 0.000000 0.937949 0.000000 -0.346772 0.420688 0.420688 0.420688
2907.044922 0.000000 1983.636597 0.000000 0.817448 0.000000 0.576002 0.369964 0.369964 0.369964
2891.927979 0.000000 1986.557373 0.000000 0.562411 0.000000 0.826858 0.342643 0.342643 0.342643
2898.055908 0.000000 1985.677612 0.000000 0.904313 0.000000 0.426870 0.375557 0.375557 0.375557
2900.854248 0.000000 1989.382935 0.000000 0.467879 0.000000 -0.883792 0.476310 0.476310 0.476310
2906.211670 0.000000 1993.126709 0.000000 0.029992 0.000000 -0.999550 0.511554 0.511554 0.511554
2885.122803 0.000000 1996.801880 0.000000 0.847936 0.000000 -0.530099 0.433477 0.433477 0.433477
2910.465088 0.000000 1983.588135 0.000000 0.317164 0.000000 0.948371 0.320858 0.320858 0.320858
2893.507568 0.000000 1996.547363 0.000000 0.302313 0.000000 0.953209 0.319236 0.319236 0.319236
2915.054443 0.000000 1989.214722 0.000000 0.999957 0.000000 0.009275 0.399426 0.399426 0.399426
3321.121582 0.000000 1853.896973 0.000000 0.818196 0.000000 -0.574939 0.416515 0.416515 0.416515
3289.269775 0.000000 1844.253784 0.000000 0.927245 0.000000 0.374455 0.385435 0.385435 0.385435
3292.778320 0.000000 1837.866089 0.000000 0.774668 0.000000 -0.632368 0.434525 0.434525 0.434525
3305.526123 0.000000 1855.493652 0.000000 0.467019 0.000000 0.884247 0.328497 0.328497 0.328497
3290.097656 0.000000 1849.665527 0.000000 0.896623 0.000000 -0.442794 0.432524 0.432524 0.432524
3318.973389 0.000000 1876.073120 0.000000 0.476542 0.000000 0.879152 0.393028 0.393028 0.393028
3325.249023 0.000000 1856.353394 0.000000 0.240432 0.000000 -0.970666 0.411935 0.411935 0.411935
3306.809082 0.000000 1877.326538 0.000000 0.995996 0.000000 0.089399 0.398927 0.398927 0.398927
3293.697266 0.000000 1895.119385 0.000000 0.020756 0.000000 -0.999785 0.433280 0.433280 0.433280
3320.108887 0.000000 1863.740234 0.000000 0.085021 0.000000 -0.996379 0.440800 0.440800 0.440800
3302.475830 0.000000 1864.407104 0.000000 0.055548 0.000000 -0.998456 0.441611 0.441611 0.441611
3305.958984 0.000000 1907.071533 0.000000 0.896199 0.000000 0.443652 0.385770 0.385770 0.385770
3315.814941 0.000000 1877.276123 0.000000 0.679793 0.000000 -0.733404 0.426721 0.426721 0.426721
3298.799805 0.000000 1863.433228 0.000000 0.998950 0.000000 -0.045811 0.401647 0.401647 0.401647
3308.896729 0.000000 1904.985352 0.000000 0.285406 0.000000 0.958407 0.349456 0.349456 0.349456
3301.222168 0.000000 1879.145142 0.000000 0.670784 0.000000 -0.741653 0.477597 0.477597 0.477597
3292.309326 0.000000 1881.847778 0.000000 0.862821 0.000000 0.505509 0.381741 0.381741 0.381741
3304.077637 0.000000 1878.228394 0.000000 0.099355 0.000000 0.995052 0.331680 0.331680 0.331680
3297.484863 0.000000 1873.581543 0.000000 0.106567 0.000000 -0.994306 0.451170 0.451170 0.451170
3303.910645 0.000000 1901.659790 0.000000 0.854214 0.000000 -0.519921 0.449140 0.449140 0.449140
3308.959717 0.000000 1878.816895 0.000000 0.907155 0.000000 -0.420797 0.420819 0.420819 0.420819
3297.152100 0.000000 1905.127197 0.000000 0.990089 0.000000 0.140439 0.387617 0.387617 0.387617
3307.544434 0.000000 1858.257202 0.000000 0.416829 0.000000 0.908985 0.304302 0.304302 0.304302
3299.141846 0.000000 1886.790405 0.000000 0.098663 0.000000 0.995121 0.329443 0.329443 0.329443
3303.170166 0.000000 1883.607788 0.000000 0.198976 0.000000 -0.980004 0.516330 0.516330 0.516330
3291.778564 0.000000 1899.547974 0.000000 0.593550 0.000000 -0.804797 0.463515 0.463515 0.463515
3314.698486 0.000000 1886.086426 0.000000 0.739347 0.000000 0.673324 0.362747 0.362747 0.362747
3296.397705 0.000000 1882.221558 0.000000 0.842525 0.000000 0.538658 0.359384 0.359384 0.359384
3300.355713 0.000000 1906.938599 0.000000 0.771642 0.000000 -0.636057 0.430979 0.430979 0.430979
3293.117432 0.000000 1897.469482 0.000000 0.961021 0.000000 0.276474 0.385314 0.385314 0.385314
3302.530273 0.000000 1899.730225 0.000000 0.322125 0.000000 -0.946697 0.496806 0.496806 0.496806
3312.121094 0.000000 1886.123047 0.000000 0.990640 0.000000 0.136499 0.391522 0.391522 0.391522
3305.246826 0.000000 1896.610962 0.000000 0.923498 0.000000 0.383604 0.375428 0.375428 0.375428
3311.304199 0.000000 1859.452026 0.000000 0.655192 0.000000 -0.755462 0.444897 0.444897 0.444897
3295.537354 0.000000 1874.809570 0.000000 0.567792 0.000000 -0.823172 0.447316 0.447316 0.447316
3313.289795 0.000000 1856.206299 0.000000 0.126235 0.000000 0.992000 0.306976 0.306976 0.306976
3303.090820 0.000000 1897.331787 0.000000 0.999806 0.000000 -0.019715 0.401044 0.401044 0.401044
3306.793457 0.000000 1860.456665 0.000000 0.947703 0.000000 0.319154 0.376806 0.376806 0.376806
3294.455566 0.000000 1881.104370 0.000000 0.419676 0.000000 0.907674 0.329559 0.329559 0.329559
3304.781982 0.000000 1905.131226 0.000000 0.908402 0.000000 0.418098 0.373293 0.373293 0.373293
3304.265137 0.000000 1863.156128 0.000000 0.746090 0.000000 -0.665845 0.442566 0.442566 0.442566
3314.820801 0.000000 1861.292725 0.000000 0.645292 0.000000 0.763936 0.341831 0.341831 0.341831
3294.418213 0.000000 1855.619385 0.000000 0.932569 0.000000 -0.360992 0.422129 0.422129 0.422129
3299.268555 0.000000 1909.260254 0.000000 0.883647 0.000000 0.468153 0.367889 0.367889 0.367889
3299.007568 0.000000 1861.245972 0.000000 0.990998 0.000000 0.133873 0.391351 0.391351 0.391351
3312.829346 0.000000 1858.152832 0.000000 0.461599 0.000000 0.887089 0.329728 0.329728 0.329728
3289.060059 0.000000 1921.193726 0.000000 0.931622 0.000000 0.363430 0.390900 0.390900 0.390900
3284.979248 0.000000 1931.156860 0.000000 0.059271 0.000000 0.998242 0.347926 0.347926 0.347926
3295.103271 0.000000 1928.123413 0.000000 0.115810 0.000000 0.993271 0.349155 0.349155 0.349155
3286.662354 0.000000 1922.246338 0.000000 0.483973 0.000000 0.875083 0.351582 0.351582 0.351582
3292.569580 0.000000 1929.634766 0.000000 0.384905 0.000000 0.922956 0.324273 0.324273 0.324273
3288.611084 0.000000 1923.316162 0.000000 0.842538 0.000000 0.538636 0.368474 0.368474 0.368474
3378.769531 0.000000 1910.112427 0.000000 0.367609 0.000000 -0.929980 0.530602 0.530602 0.530602
3364.880859 0.000000 1884.586792 0.000000 0.830683 0.000000 0.556745 0.386438 0.386438 0.386438
3364.876221 0.000000 1897.826172 0.000000 0.976043 0.000000 -0.217580 0.405476 0.405476 0.405476
3361.338867 0.000000 1902.499878 0.000000 0.270008 0.000000 -0.962858 0.427208 0.427208 0.427208
3385.113770 0.000000 1917.881348 0.000000 0.346819 0.000000 -0.937932 0.430981 0.430981 0.430981
3354.539795 0.000000 1905.048096 0.000000 0.938347 0.000000 0.345695 0.364046 0.364046 0.364046
3347.066895 0.000000 1917.392456 0.000000 0.250688 0.000000 -0.968068 0.445388 0.445388 0.445388
3367.024414 0.000000 1892.103760 0.000000 0.982841 0.000000 0.184456 0.382585 0.382585 0.382585
3346.827881 0.000000 1901.111328 0.000000 0.566207 0.000000 -0.824263 0.444024 0.444024 0.444024
3367.902832 0.000000 1901.659790 0.000000 0.042158 0.000000 -0.999111 0.456481 0.456481 0.456481
3391.213623 0.000000 1899.256592 0.000000 0.324755 0.000000 -0.945798 0.450772 0.450772 0.450772
3388.816895 0.000000 1913.336060 0.000000 0.911237 0.000000 -0.411882 0.436670 0.436670 0.436670
3364.055664 0.000000 1895.293213 0.000000 0.925099 0.000000 0.379725 0.379774 0.379774 0.379774
3356.770508 0.000000 1901.850464 0.000000 0.922096 0.000000 -0.386962 0.431941 0.431941 0.431941
3353.406006 0.000000 1918.646851 0.000000 0.163202 0.000000 0.986593 0.340291 0.340291 0.340291
3355.770752 0.000000 1899.547974 0.000000 0.565255 0.000000 0.824916 0.328315 0.328315 0.328315
3371.190918 0.000000 1886.194702 0.000000 0.291841 0.000000 0.956467 0.335719 0.335719 0.335719
3343.258301 0.000000 1907.247681 0.000000 0.453150 0.000000 0.891434 0.350546 0.350546 0.350546
3384.454590 0.000000 1910.407227 0.000000 0.173791 0.000000 0.984783 0.324017 0.324017 0.324017
3381.777344 0.000000 1907.893555 0.000000 0.356649 0.000000 -0.934238 0.455405 0.455405 0.455405
3345.539551 0.000000 1910.495972 0.000000 0.029072 0.000000 -0.999577 0.518549 0.518549 0.518549
3391.493896 0.000000 1891.905029 0.000000 0.152605 0.000000 -0.988287 0.489185 0.489185 0.489185
3345.218018 0.000000 1902.856201 0.000000 0.874556 0.000000 0.484925 0.374974 0.374974 0.374974
3359.078857 0.000000 1902.040405 0.000000 0.149391 0.000000 0.988778 0.326218 0.326218 0.326218
3368.597656 0.000000 1908.859619 0.000000 0.312877 0.000000 -0.949794 0.465044 0.465044 0.465044
3390.700928 0.000000 1909.377563 0.000000 0.999749 0.000000 -0.022396 0.401644 0.401644 0.401644
3370.764160 0.000000 1909.162720 0.000000 0.653986 0.000000 -0.756507 0.460402 0.460402 0.460402
3369.793945 0.000000 1887.934448 0.000000 0.614864 0.000000 -0.788633 0.458976 0.458976 0.458976
3407.169434 0.000000 1888.495728 0.000000 0.275157 0.000000 -0.961399 0.408387 0.408387 0.408387
3397.163818 0.000000 1919.484497 0.000000 0.558003 0.000000 -0.829839 0.411730 0.411730 0.411730
3402.757812 0.000000 1880.618042 0.000000 0.890673 0.000000 -0.454644 0.406363 0.406363 0.406363
3432.945068 0.000000 1899.070557 0.000000 0.782237 0.000000 0.622981 0.388247 0.388247 0.388247
3403.644531 0.000000 1901.200928 0.000000 0.066186 0.000000 0.997807 0.373707 0.373707 0.373707
3408.597168 0.000000 1905.129517 0.000000 0.401012 0.000000 -0.916073 0.440480 0.440480 0.440480
3397.641602 0.000000 1876.987305 0.000000 0.178129 0.000000 -0.984007 0.454202 0.454202 0.454202
3400.193604 0.000000 1878.855225 0.000000 0.916929 0.000000 -0.399050 0.418241 0.418241 0.418241
3425.633789 0.000000 1890.565552 0.000000 0.944935 0.000000 0.327259 0.385018 0.385018 0.385018
3408.627686 0.000000 1875.784302 0.000000 0.343469 0.000000 -0.939164 0.453005 0.453005 0.453005
3428.047852 0.000000 1895.293213 0.000000 0.750590 0.000000 0.660768 0.336205 0.336205 0.336205
3393.536133 0.000000 1914.707520 0.000000 0.070873 0.000000 0.997485 0.278679 0.278679 0.278679
3405.874512 0.000000 1902.588501 0.000000 0.740707 0.000000 0.671829 0.364688 0.364688 0.364688
3402.469482 0.000000 1912.619019 0.000000 0.903259 0.000000 -0.429096 0.421258 0.421258 0.421258
3401.842529 0.000000 1907.341187 0.000000 0.802387 0.000000 -0.596804 0.453964 0.453964 0.453964
3407.250488 0.000000 1907.247681 0.000000 0.483937 0.000000 -0.875103 0.481410 0.481410 0.481410
3393.875977 0.000000 1887.473877 0.000000 0.831499 0.000000 -0.555527 0.436761 0.436761 0.436761
3400.164795 0.000000 1918.645264 0.000000 0.695055 0.000000 0.718956 0.349124 0.349124 0.349124
3423.395996 0.000000 1897.768555 0.000000 0.988937 0.000000 -0.148336 0.409664 0.409664 0.409664
3403.157715 0.000000 1910.476562 0.000000 0.943023 0.000000 -0.332728 0.426082 0.426082 0.426082
3431.075195 0.000000 1897.331787 0.000000 0.748729 0.000000 0.662876 0.357666 0.357666 0.357666
3412.136719 0.000000 1869.213745 0.000000 0.873474 0.000000 -0.486872 0.429453 0.429453 0.429453
3429.658203 0.000000 1893.709717 0.000000 0.406556 0.000000 -0.913626 0.479961 0.479961 0.479961
3402.191650 0.000000 1895.321289 0.000000 0.357774 0.000000 -0.933808 0.472797 0.472797 0.472797
3406.706543 0.000000 1874.895508 0.000000 0.931623 0.000000 -0.363425 0.425071 0.425071 0.425071
3357.098389 0.000000 1921.254883 0.000000 0.869386 0.000000 0.494134 0.395871 0.395871 0.395871
3365.020996 0.000000 1925.275391 0.000000 0.384720 0.000000 -0.923033 0.414678 0.414678 0.414678
3343.635986 0.000000 1927.087158 0.000000 0.183489 0.000000 -0.983022 0.432532 0.432532 0.432532
3372.729492 0.000000 1929.392822 0.000000 0.887187 0.000000 -0.461411 0.441427 0.441427 0.441427
3371.833252 0.000000 1935.066406 0.000000 0.951107 0.000000 0.308863 0.387144 0.387144 0.387144
3373.198486 0.000000 1926.951904 0.000000 0.181027 0.000000 0.983478 0.304307 0.304307 0.304307
3352.044922 0.000000 1932.001221 0.000000 0.717192 0.000000 -0.696876 0.446968 0.446968 0.446968
3346.001221 0.000000 1921.693237 0.000000 0.575070 0.000000 -0.818104 0.471759 0.471759 0.471759
3370.785645 0.000000 1924.441040 0.000000 0.045442 0.000000 -0.998967 0.477685 0.477685 0.477685
3351.443115 0.000000 1919.687744 0.000000 0.954695 0.000000 0.297585 0.382197 0.382197 0.382197
3352.603271 0.000000 1923.316162 0.000000 0.609818 0.000000 -0.792541 0.463502 0.463502 0.463502
3400.806885 0.000000 1926.431152 0.000000 0.137463 0.000000 -0.990507 0.447220 0.447220 0.447220
3406.134033 0.000000 1924.792725 0.000000 0.057700 0.000000 0.998334 0.313874 0.313874 0.313874
3885.420654 0.000000 1770.878662 0.000000 0.447999 0.000000 -0.894034 0.404971 0.404971 0.404971
3881.888672 0.000000 1779.102783 0.000000 0.180899 0.000000 -0.983502 0.443690 0.443690 0.443690
3888.806641 0.000000 1779.134766 0.000000 0.276769 0.000000 -0.960937 0.535946 0.535946 0.535946
3887.411133 0.000000 1786.203491 0.000000 0.201487 0.000000 0.979491 0.344676 0.344676 0.344676
3894.290283 0.000000 1776.102905 0.000000 0.991577 0.000000 -0.129522 0.404215 0.404215 0.404215
3865.057373 0.000000 1767.059326 0.000000 0.874630 0.000000 -0.484791 0.421228 0.421228 0.421228
3890.399902 0.000000 1775.826904 0.000000 0.162593 0.000000 -0.986693 0.471682 0.471682 0.471682
3869.047119 0.000000 1769.500732 0.000000 0.980978 0.000000 0.194116 0.387319 0.387319 0.387319
3893.714844 0.000000 1779.924805 0.000000 0.271251 0.000000 0.962509 0.315222 0.315222 0.315222
3871.016357 0.000000 1774.071655 0.000000 0.976205 0.000000 -0.216850 0.415389 0.415389 0.415389
3869.976074 0.000000 1778.495483 0.000000 0.641991 0.000000 -0.766712 0.443625 0.443625 0.443625
3871.341309 0.000000 1769.799805 0.000000 0.999032 0.000000 0.043981 0.397759 0.397759 0.397759
3882.701660 0.000000 1781.193970 0.000000 0.017467 0.000000 -0.999847 0.489193 0.489193 0.489193
3864.483398 0.000000 1776.270752 0.000000 0.374371 0.000000 0.927279 0.313463 0.313463 0.313463
3669.773193 0.000000 1891.815063 0.000000 0.711209 0.000000 -0.702980 0.421020 0.421020 0.421020
3668.343506 0.000000 1906.714966 0.000000 0.532312 0.000000 0.846548 0.370766 0.370766 0.370766
3679.073975 0.000000 1908.511475 0.000000 0.700986 0.000000 -0.713175 0.471363 0.471363 0.471363
3676.731445 0.000000 1901.850464 0.000000 0.286906 0.000000 -0.957959 0.505438 0.505438 0.505438
3673.366943 0.000000 1918.646851 0.000000 0.872769 0.000000 0.488134 0.355186 0.355186 0.355186
3675.864746 0.000000 1890.262817 0.000000 0.875571 0.000000 -0.483090 0.424419 0.424419 0.424419
3681.105225 0.000000 1905.127197 0.000000 0.988237 0.000000 0.152931 0.393177 0.393177 0.393177
3668.738770 0.000000 1897.903198 0.000000 0.994524 0.000000 0.104513 0.393413 0.393413 0.393413
3670.943115 0.000000 1893.841187 0.000000 0.595009 0.000000 0.803719 0.341736 0.341736 0.341736
3679.039795 0.000000 1902.040405 0.000000 0.090088 0.000000 0.995934 0.303156 0.303156 0.303156
3679.364746 0.000000 1897.768555 0.000000 0.987785 0.000000 -0.155826 0.409687 0.409687 0.409687
3668.087646 0.000000 1895.815796 0.000000 0.937263 0.000000 0.348622 0.379552 0.379552 0.379552
3681.044922 0.000000 1909.515625 0.000000 0.989328 0.000000 0.145708 0.390435 0.390435 0.390435
3670.531494 0.000000 1915.649536 0.000000 0.025870 0.000000 -0.999665 0.489482 0.489482 0.489482
3671.642822 0.000000 1909.841431 0.000000 0.971265 0.000000 0.237999 0.385722 0.385722 0.385722
3671.842773 0.000000 1900.932373 0.000000 0.505477 0.000000 -0.862840 0.471720 0.471720 0.471720
3678.337646 0.000000 1913.600220 0.000000 0.562459 0.000000 -0.826825 0.468047 0.468047 0.468047
3670.447021 0.000000 1908.004761 0.000000 0.769876 0.000000 -0.638193 0.441126 0.441126 0.441126
3763.998535 0.000000 1816.665039 0.000000 0.041250 0.000000 0.999149 0.384726 0.384726 0.384726
3765.659668 0.000000 1807.343506 0.000000 0.293907 0.000000 -0.955834 0.539145 0.539145 0.539145
3773.328369 0.000000 1808.028564 0.000000 0.747378 0.000000 -0.664399 0.413425 0.413425 0.413425
3769.924561 0.000000 1793.530884 0.000000 0.545936 0.000000 0.837827 0.375698 0.375698 0.375698
3764.151855 0.000000 1804.841919 0.000000 0.034115 0.000000 0.999418 0.255752 0.255752 0.255752
3759.017090 0.000000 1803.337280 0.000000 0.954194 0.000000 0.299189 0.387560 0.387560 0.387560
3761.153320 0.000000 1807.859985 0.000000 0.711355 0.000000 0.702833 0.331899 0.331899 0.331899
3759.934814 0.000000 1810.880127 0.000000 0.979133 0.000000 0.203219 0.389578 0.389578 0.389578
3767.371582 0.000000 1805.254272 0.000000 0.009790 0.000000 0.999952 0.265159 0.265159 0.265159
3772.160889 0.000000 1804.006470 0.000000 0.965189 0.000000 -0.261552 0.415459 0.415459 0.415459
3770.936523 0.000000 1807.301147 0.000000 0.570674 0.000000 -0.821177 0.454361 0.454361 0.454361
3768.255859 0.000000 1807.467285 0.000000 0.602001 0.000000 -0.798495 0.466493 0.466493 0.466493
3765.880371 0.000000 1800.584595 0.000000 0.929870 0.000000 -0.367888 0.419375 0.419375 0.419375
3771.882812 0.000000 1794.321289 0.000000 0.057331 0.000000 -0.998355 0.490681 0.490681 0.490681
3798.266846 0.000000 1805.882202 0.000000 0.992151 0.000000 -0.125049 0.401127 0.401127 0.401127
3795.415039 0.000000 1813.041382 0.000000 0.635617 0.000000 0.772005 0.388110 0.388110 0.388110
3787.642578 0.000000 1797.168823 0.000000 0.767244 0.000000 0.641355 0.388528 0.388528 0.388528
3788.145264 0.000000 1821.196289 0.000000 0.085625 0.000000 -0.996327 0.427436 0.427436 0.427436
3796.319580 0.000000 1809.406006 0.000000 0.246035 0.000000 -0.969261 0.427728 0.427728 0.427728
3792.147705 0.000000 1814.582642 0.000000 0.378765 0.000000 -0.925493 0.427747 0.427747 0.427747
3784.760010 0.000000 1798.462402 0.000000 0.988167 0.000000 -0.153382 0.404383 0.404383 0.404383
3778.148438 0.000000 1814.863281 0.000000 0.818265 0.000000 -0.574841 0.431496 0.431496 0.431496
3788.718262 0.000000 1818.628418 0.000000 0.811129 0.000000 -0.584867 0.424330 0.424330 0.424330
3794.737549 0.000000 1807.315674 0.000000 0.264975 0.000000 -0.964255 0.469594 0.469594 0.469594
3777.555420 0.000000 1803.136475 0.000000 0.396358 0.000000 -0.918096 0.475507 0.475507 0.475507
3667.193604 0.000000 1928.554810 0.000000 0.296018 0.000000 0.955182 0.393657 0.393657 0.393657
3688.989746 0.000000 1921.602417 0.000000 0.626205 0.000000 0.779659 0.392857 0.392857 0.392857
3683.843750 0.000000 1936.081299 0.000000 0.455074 0.000000 -0.890454 0.417001 0.417001 0.417001
3680.250000 0.000000 1925.576416 0.000000 0.805277 0.000000 0.592899 0.329651 0.329651 0.329651
3666.295410 0.000000 1925.574219 0.000000 0.891742 0.000000 0.452544 0.384524 0.384524 0.384524
3669.883057 0.000000 1927.454956 0.000000 0.126341 0.000000 0.991987 0.340873 0.340873 0.340873
3670.615479 0.000000 1922.246338 0.000000 0.581566 0.000000 -0.813499 0.483972 0.483972 0.483972
3678.266357 0.000000 1933.352417 0.000000 0.982576 0.000000 0.185859 0.390572 0.390572 0.390572
3685.548828 0.000000 1930.668091 0.000000 0.409902 0.000000 -0.912130 0.492323 0.492323 0.492323
3668.760498 0.000000 1925.398560 0.000000 0.860238 0.000000 0.509893 0.370078 0.370078 0.370078
3674.117920 0.000000 1929.142334 0.000000 0.299225 0.000000 -0.954183 0.488562 0.488562 0.488562
3671.404053 0.000000 1919.687744 0.000000 0.285241 0.000000 -0.958456 0.491503 0.491503 0.491503
3678.371338 0.000000 1919.603760 0.000000 0.979961 0.000000 0.199188 0.388285 0.388285 0.388285
2811.462158 0.000000 2174.649902 0.000000 0.569876 0.000000 -0.821731 0.441414 0.441414 0.441414
2810.074951 0.000000 2188.994141 0.000000 0.921451 0.000000 -0.388494 0.449806 0.449806 0.449806
2811.328613 0.000000 2181.846191 0.000000 0.893365 0.000000 -0.449331 0.451889 0.451889 0.451889
2799.517334 0.000000 2184.343018 0.000000 0.978306 0.000000 0.207164 0.397083 0.397083 0.397083
2813.678467 0.000000 2185.736572 0.000000 0.327536 0.000000 -0.944839 0.535893 0.535893 0.535893
2807.569092 0.000000 2180.022949 0.000000 0.433861 0.000000 -0.900980 0.523252 0.523252 0.523252
2810.021973 0.000000 2198.409424 0.000000 0.724156 0.000000 0.689636 0.385181 0.385181 0.385181
2813.543457 0.000000 2179.625732 0.000000 0.982041 0.000000 0.188670 0.380951 0.380951 0.380951
2805.386230 0.000000 2178.511719 0.000000 0.930269 0.000000 0.366878 0.372803 0.372803 0.372803
2812.191406 0.000000 2194.110352 0.000000 0.997935 0.000000 -0.064237 0.403466 0.403466 0.403466
2803.566895 0.000000 2191.997559 0.000000 0.377039 0.000000 0.926198 0.336733 0.336733 0.336733
2802.883301 0.000000 2181.214600 0.000000 0.080952 0.000000 -0.996718 0.498932 0.498932 0.498932
2879.556396 0.000000 2083.858154 0.000000 0.975923 0.000000 0.218116 0.386166 0.386166 0.386166
2878.971680 0.000000 2081.764648 0.000000 0.939532 0.000000 -0.342462 0.424434 0.424434 0.424434
2878.886230 0.000000 2079.095947 0.000000 0.420060 0.000000 0.907496 0.324475 0.324475 0.324475
2907.217285 0.000000 2079.750244 0.000000 0.340165 0.000000 0.940366 0.377393 0.377393 0.377393
2929.077393 0.000000 2092.005615 0.000000 0.963136 0.000000 0.269013 0.392656 0.392656 0.392656
2918.878662 0.000000 2096.197998 0.000000 0.552042 0.000000 0.833817 0.377354 0.377354 0.377354
2887.231445 0.000000 2094.148438 0.000000 0.734665 0.000000 -0.678430 0.424199 0.424199 0.424199
2882.613037 0.000000 2073.917969 0.000000 0.783429 0.000000 0.621482 0.380244 0.380244 0.380244
2925.035645 0.000000 2093.894043 0.000000 0.940299 0.000000 0.340350 0.386995 0.386995 0.386995
2893.676270 0.000000 2090.881348 0.000000 0.964093 0.000000 0.265564 0.390203 0.390203 0.390203
2900.437256 0.000000 2098.667969 0.000000 0.999787 0.000000 -0.020640 0.401927 0.401927 0.401927
2879.698486 0.000000 2075.483643 0.000000 0.234931 0.000000 -0.972012 0.447279 0.447279 0.447279
2939.089355 0.000000 2086.120605 0.000000 0.005801 0.000000 -0.999983 0.463295 0.463295 0.463295
2904.478271 0.000000 2081.171143 0.000000 0.384324 0.000000 0.923198 0.364172 0.364172 0.364172
2890.794434 0.000000 2096.000000 0.000000 0.367630 0.000000 0.929972 0.293851 0.293851 0.293851
2907.942627 0.000000 2084.831299 0.000000 0.298286 0.000000 -0.954476 0.513320 0.513320 0.513320
2898.882568 0.000000 2093.064453 0.000000 0.504117 0.000000 -0.863636 0.493169 0.493169 0.493169
2935.174072 0.000000 2079.905518 0.000000 0.858518 0.000000 0.512784 0.381450 0.381450 0.381450
2938.270264 0.000000 2082.693604 0.000000 0.246090 0.000000 -0.969247 0.446211 0.446211 0.446211
2926.841797 0.000000 2080.617188 0.000000 0.948820 0.000000 0.315818 0.388128 0.388128 0.388128
2899.773193 0.000000 2103.965820 0.000000 0.945559 0.000000 -0.325450 0.414069 0.414069 0.414069
2885.393799 0.000000 2082.880615 0.000000 0.875024 0.000000 -0.484080 0.444911 0.444911 0.444911
2889.447998 0.000000 2078.914062 0.000000 0.945563 0.000000 -0.325438 0.417213 0.417213 0.417213
2893.937012 0.000000 2094.541748 0.000000 0.505268 0.000000 0.862962 0.310589 0.310589 0.310589
2928.268311 0.000000 2089.516602 0.000000 0.823397 0.000000 0.567466 0.354806 0.354806 0.354806
2923.026611 0.000000 2092.453613 0.000000 0.875243 0.000000 -0.483683 0.427729 0.427729 0.427729
2932.892334 0.000000 2091.353271 0.000000 0.565451 0.000000 -0.824782 0.457140 0.457140 0.457140
2889.905029 0.000000 2099.294189 0.000000 0.991805 0.000000 -0.127762 0.408380 0.408380 0.408380
2900.832520 0.000000 2089.856201 0.000000 0.781127 0.000000 0.624373 0.359259 0.359259 0.359259
2936.791504 0.000000 2084.761475 0.000000 0.494456 0.000000 0.869202 0.330033 0.330033 0.330033
2925.718994 0.000000 2088.386963 0.000000 0.230407 0.000000 0.973094 0.295757 0.295757 0.295757
2897.594238 0.000000 2102.449219 0.000000 0.841782 0.000000 0.539818 0.370105 0.370105 0.370105
2923.295166 0.000000 2090.098145 0.000000 0.852199 0.000000 0.523217 0.360960 0.360960 0.360960
2896.086426 0.000000 2090.407227 0.000000 0.276267 0.000000 -0.961081 0.464455 0.464455 0.464455
2903.036865 0.000000 2085.794434 0.000000 0.042223 0.000000 -0.999108 0.474033 0.474033 0.474033
2891.220215 0.000000 2102.429688 0.000000 0.997880 0.000000 -0.065085 0.403577 0.403577 0.403577
2903.736572 0.000000 2101.794678 0.000000 0.680283 0.000000 -0.732950 0.443129 0.443129 0.443129
2917.155762 0.000000 2082.995605 0.000000 0.032365 0.000000 -0.999476 0.495251 0.495251 0.495251
2829.083984 0.000000 2167.932373 0.000000 0.953471 0.000000 0.301485 0.366512 0.366512 0.366512
2837.427002 0.000000 2165.830566 0.000000 0.156351 0.000000 0.987701 0.371763 0.371763 0.371763
2835.129395 0.000000 2173.330078 0.000000 0.750661 0.000000 -0.660687 0.426307 0.426307 0.426307
2822.182373 0.000000 2167.364502 0.000000 0.508726 0.000000 -0.860928 0.450747 0.450747 0.450747
2823.197266 0.000000 2164.092773 0.000000 0.994862 0.000000 0.101241 0.395898 0.395898 0.395898
2835.781006 0.000000 2167.950195 0.000000 0.730476 0.000000 -0.682939 0.438663 0.438663 0.438663
2831.872314 0.000000 2171.113037 0.000000 0.079451 0.000000 0.996839 0.274162 0.274162 0.274162
2825.912842 0.000000 2163.278564 0.000000 0.861200 0.000000 -0.508267 0.423693 0.423693 0.423693
2831.320801 0.000000 2163.185059 0.000000 0.768751 0.000000 0.639548 0.359462 0.359462 0.359462
2833.602051 0.000000 2166.433594 0.000000 0.968390 0.000000 -0.249439 0.419133 0.419133 0.419133
2817.412598 0.000000 2174.545654 0.000000 0.202292 0.000000 -0.979325 0.501708 0.501708 0.501708
2824.235107 0.000000 2174.582764 0.000000 0.999202 0.000000 -0.039946 0.402913 0.402913 0.402913
2827.682373 0.000000 2162.050781 0.000000 0.207828 0.000000 -0.978165 0.478175 0.478175 0.478175
2834.031250 0.000000 2188.776855 0.000000 0.031041 0.000000 0.999518 0.375398 0.375398 0.375398
2821.644287 0.000000 2186.640869 0.000000 0.849766 0.000000 0.527161 0.390019 0.390019 0.390019
2815.727783 0.000000 2194.046143 0.000000 0.963857 0.000000 -0.266419 0.409560 0.409560 0.409560
2825.318115 0.000000 2179.449219 0.000000 0.130548 0.000000 0.991442 0.267714 0.267714 0.267714
2837.984619 0.000000 2183.392578 0.000000 0.800853 0.000000 -0.598861 0.427251 0.427251 0.427251
2834.063721 0.000000 2177.630615 0.000000 0.238422 0.000000 0.971162 0.337574 0.337574 0.337574
3038.566650 0.000000 2267.712402 0.000000 0.775760 0.000000 -0.631028 0.403410 0.403410 0.403410
3033.040039 0.000000 2276.183838 0.000000 0.870971 0.000000 0.491335 0.395127 0.395127 0.395127
3055.875732 0.000000 2287.652100 0.000000 0.994192 0.000000 0.107619 0.398708 0.398708 0.398708
3048.791748 0.000000 2269.607910 0.000000 0.383194 0.000000 -0.923668 0.419403 0.419403 0.419403
3035.201660 0.000000 2271.703369 0.000000 0.409596 0.000000 0.912267 0.383939 0.383939 0.383939
3043.646729 0.000000 2276.593750 0.000000 0.916286 0.000000 0.400526 0.353910 0.353910 0.353910
3055.264648 0.000000 2294.989502 0.000000 0.612048 0.000000 -0.790821 0.422317 0.422317 0.422317
3053.020020 0.000000 2285.847168 0.000000 0.433480 0.000000 -0.901163 0.435869 0.435869 0.435869
3052.927979 0.000000 2288.891602 0.000000 0.680397 0.000000 -0.732844 0.429569 0.429569 0.429569
3061.267578 0.000000 2278.705811 0.000000 0.759744 0.000000 0.650223 0.378793 0.378793 0.378793
3040.772705 0.000000 2297.859131 0.000000 0.985735 0.000000 -0.168306 0.405657 0.405657 0.405657
3035.927002 0.000000 2276.784424 0.000000 0.998795 0.000000 0.049081 0.398431 0.398431 0.398431
3045.071289 0.000000 2294.231689 0.000000 0.881263 0.000000 -0.472626 0.443506 0.443506 0.443506
3058.406250 0.000000 2278.653320 0.000000 0.932466 0.000000 0.361258 0.380068 0.380068 0.380068
3046.429932 0.000000 2270.528076 0.000000 0.410339 0.000000 0.911933 0.337522 0.337522 0.337522
3051.229980 0.000000 2270.101074 0.000000 0.871063 0.000000 0.491171 0.375646 0.375646 0.375646
3053.703369 0.000000 2280.340088 0.000000 0.726846 0.000000 -0.686801 0.457837 0.457837 0.457837
3049.278076 0.000000 2280.517334 0.000000 0.999693 0.000000 -0.024792 0.401845 0.401845 0.401845
3051.279541 0.000000 2282.051270 0.000000 0.356060 0.000000 -0.934463 0.456639 0.456639 0.456639
3046.595703 0.000000 2299.171631 0.000000 0.169629 0.000000 -0.985508 0.472018 0.472018 0.472018
3038.631348 0.000000 2273.002686 0.000000 0.509670 0.000000 0.860370 0.328615 0.328615 0.328615
3058.291992 0.000000 2274.275879 0.000000 0.471783 0.000000 -0.881714 0.456595 0.456595 0.456595
3047.122070 0.000000 2281.238037 0.000000 0.990323 0.000000 0.138783 0.389989 0.389989 0.389989
3049.833008 0.000000 2271.840576 0.000000 0.705064 0.000000 -0.709144 0.441721 0.441721 0.441721
3050.586182 0.000000 2296.822021 0.000000 0.892667 0.000000 0.450718 0.373152 0.373152 0.373152
3048.813232 0.000000 2289.037598 0.000000 0.498448 0.000000 -0.866920 0.472280 0.472280 0.472280
3322.786133 0.000000 2167.045654 0.000000 0.924579 0.000000 0.380990 0.392584 0.392584 0.392584
3316.110840 0.000000 2162.030029 0.000000 0.694817 0.000000 -0.719187 0.417233 0.417233 0.417233
3304.843750 0.000000 2170.416748 0.000000 0.433463 0.000000 -0.901171 0.433627 0.433627 0.433627
3315.968994 0.000000 2169.300049 0.000000 0.201068 0.000000 0.979577 0.266770 0.266770 0.266770
3294.462158 0.000000 2172.454102 0.000000 0.726546 0.000000 0.687118 0.373145 0.373145 0.373145
3322.156250 0.000000 2169.912598 0.000000 0.741292 0.000000 0.671183 0.371711 0.371711 0.371711
3316.312744 0.000000 2171.565918 0.000000 0.277233 0.000000 -0.960803 0.466981 0.466981 0.466981
3311.295654 0.000000 2164.715576 0.000000 0.379537 0.000000 -0.925177 0.476691 0.476691 0.476691
3325.031494 0.000000 2196.292480 0.000000 0.670387 0.000000 0.742011 0.393321 0.393321 0.393321
3303.836670 0.000000 2187.503662 0.000000 0.711318 0.000000 0.702871 0.389881 0.389881 0.389881
3321.704590 0.000000 2193.260254 0.000000 0.809992 0.000000 -0.586442 0.414393 0.414393 0.414393
3307.544434 0.000000 2178.178955 0.000000 0.356249 0.000000 -0.934391 0.460244 0.460244 0.460244
3305.864502 0.000000 2189.188477 0.000000 0.849436 0.000000 0.527691 0.377518 0.377518 0.377518
3309.206299 0.000000 2182.889404 0.000000 0.493869 0.000000 0.869536 0.339464 0.339464 0.339464
3313.750000 0.000000 2183.398193 0.000000 0.257841 0.000000 -0.966187 0.459523 0.459523 0.459523
3322.991211 0.000000 2191.207275 0.000000 0.971234 0.000000 0.238129 0.384153 0.384153 0.384153
3311.304199 0.000000 2179.373779 0.000000 0.823460 0.000000 0.567374 0.359935 0.359935 0.359935
3313.289795 0.000000 2176.128174 0.000000 0.169417 0.000000 -0.985545 0.498603 0.498603 0.498603
3356.098145 0.000000 2174.457764 0.000000 0.979556 0.000000 -0.201174 0.423869 0.423869 0.423869
3361.844971 0.000000 2172.637451 0.000000 0.569957 0.000000 0.821675 0.286365 0.286365 0.286365
3352.790039 0.000000 2171.569092 0.000000 0.169185 0.000000 -0.985584 0.423781 0.423781 0.423781
3349.364502 0.000000 2165.830566 0.000000 0.124700 0.000000 -0.992194 0.425266 0.425266 0.425266
3350.077148 0.000000 2174.191895 0.000000 0.053584 0.000000 -0.998563 0.431817 0.431817 0.431817
3362.501465 0.000000 2167.181152 0.000000 0.804656 0.000000 -0.593742 0.467291 0.467291 0.467291
3343.052734 0.000000 2165.603027 0.000000 0.570592 0.000000 -0.821234 0.496224 0.496224 0.496224
3344.604980 0.000000 2161.066895 0.000000 0.992131 0.000000 -0.125203 0.403823 0.403823 0.403823
3347.718506 0.000000 2167.950195 0.000000 0.932499 0.000000 0.361173 0.381549 0.381549 0.381549
3353.406006 0.000000 2174.584473 0.000000 0.225245 0.000000 0.974302 0.334925 0.334925 0.334925
3343.809814 0.000000 2171.113037 0.000000 0.379282 0.000000 -0.925281 0.461958 0.461958 0.461958
3343.258301 0.000000 2163.185059 0.000000 0.883782 0.000000 -0.467898 0.434766 0.434766 0.434766
3345.539551 0.000000 2166.433594 0.000000 0.998548 0.000000 -0.053862 0.404332 0.404332 0.404332
3369.518311 0.000000 2175.415527 0.000000 0.917636 0.000000 -0.397421 0.426325 0.426325 0.426325
3329.350098 0.000000 2174.545654 0.000000 0.975874 0.000000 0.218333 0.383954 0.383954 0.383954
3354.939209 0.000000 2172.381592 0.000000 0.953186 0.000000 -0.302383 0.422547 0.422547 0.422547
3339.165527 0.000000 2166.414062 0.000000 0.956360 0.000000 0.292192 0.377940 0.377940 0.377940
3370.764160 0.000000 2165.100342 0.000000 0.555367 0.000000 0.831605 0.327923 0.327923 0.327923
3363.260742 0.000000 2165.197754 0.000000 0.896119 0.000000 0.443814 0.371529 0.371529 0.371529
3381.113281 0.000000 2205.691650 0.000000 0.875160 0.000000 -0.483834 0.456485 0.456485 0.456485
3339.451660 0.000000 2190.897461 0.000000 0.995254 0.000000 0.097316 0.399027 0.399027 0.399027
3385.897461 0.000000 2207.457764 0.000000 0.997439 0.000000 0.071528 0.392029 0.392029 0.392029
3385.696777 0.000000 2193.260254 0.000000 0.996191 0.000000 0.087196 0.398082 0.398082 0.398082
3354.922607 0.000000 2187.361328 0.000000 0.778288 0.000000 -0.627907 0.415931 0.415931 0.415931
3360.169434 0.000000 2177.274170 0.000000 0.537791 0.000000 0.843078 0.304848 0.304848 0.304848
3327.665283 0.000000 2194.046143 0.000000 0.292571 0.000000 -0.956244 0.442616 0.442616 0.442616
3359.095459 0.000000 2184.060791 0.000000 0.024677 0.000000 -0.999695 0.534326 0.534326 0.534326
3373.440186 0.000000 2196.027344 0.000000 0.760528 0.000000 -0.649305 0.423641 0.423641 0.423641
3353.189453 0.000000 2182.782715 0.000000 0.776813 0.000000 0.629731 0.373129 0.373129 0.373129
3344.925781 0.000000 2185.758301 0.000000 0.156274 0.000000 -0.987714 0.454359 0.454359 0.454359
3363.745605 0.000000 2194.826416 0.000000 0.920833 0.000000 -0.389957 0.430402 0.430402 0.430402
3379.794434 0.000000 2203.166016 0.000000 0.621723 0.000000 0.783237 0.319574 0.319574 0.319574
3381.267822 0.000000 2193.878174 0.000000 0.207618 0.000000 0.978210 0.303456 0.303456 0.303456
3362.806396 0.000000 2198.484619 0.000000 0.589186 0.000000 -0.807997 0.446972 0.446972 0.446972
3356.561768 0.000000 2185.572266 0.000000 0.515233 0.000000 -0.857050 0.467340 0.467340 0.467340
3350.716553 0.000000 2192.257324 0.000000 0.842719 0.000000 0.538354 0.363667 0.363667 0.363667
3367.567383 0.000000 2189.954834 0.000000 0.999900 0.000000 0.014144 0.399329 0.399329 0.399329
3355.770020 0.000000 2193.047363 0.000000 0.774411 0.000000 0.632682 0.359298 0.359298 0.359298
3379.496582 0.000000 2191.997559 0.000000 0.015141 0.000000 -0.999885 0.484666 0.484666 0.484666
3327.665771 0.000000 2184.717773 0.000000 0.282512 0.000000 -0.959264 0.498120 0.498120 0.498120
3358.447754 0.000000 2201.026123 0.000000 0.756803 0.000000 0.653643 0.359094 0.359094 0.359094
3346.713623 0.000000 2194.816162 0.000000 0.542901 0.000000 0.839797 0.338277 0.338277 0.338277
3353.313721 0.000000 2195.707764 0.000000 0.350456 0.000000 -0.936579 0.466003 0.466003 0.466003
3352.603271 0.000000 2179.253662 0.000000 0.952142 0.000000 -0.305657 0.421559 0.421559 0.421559
3356.375000 0.000000 2188.722900 0.000000 0.783783 0.000000 -0.621035 0.441821 0.441821 0.441821
3365.962646 0.000000 2191.161133 0.000000 0.998986 0.000000 -0.045020 0.402788 0.402788 0.402788
3391.635986 0.000000 2203.452393 0.000000 0.532830 0.000000 0.846223 0.366754 0.366754 0.366754
3125.144531 0.000000 2333.660400 0.000000 0.858269 0.000000 0.513200 0.341071 0.341071 0.341071
3114.233887 0.000000 2351.272217 0.000000 0.202310 0.000000 0.979322 0.247781 0.247781 0.247781
3112.783936 0.000000 2333.592285 0.000000 0.474706 0.000000 -0.880144 0.415046 0.415046 0.415046
3117.045898 0.000000 2329.307617 0.000000 0.996667 0.000000 -0.081575 0.401223 0.401223 0.401223
3102.351562 0.000000 2347.631592 0.000000 0.636391 0.000000 0.771367 0.385044 0.385044 0.385044
3121.053955 0.000000 2347.943115 0.000000 0.677530 0.000000 -0.735495 0.418156 0.418156 0.418156
3105.370117 0.000000 2350.390625 0.000000 0.214562 0.000000 -0.976710 0.435846 0.435846 0.435846
3130.002686 0.000000 2305.405762 0.000000 0.937354 0.000000 0.348378 0.391116 0.391116 0.391116
3120.146484 0.000000 2339.277832 0.000000 0.890078 0.000000 -0.455808 0.411107 0.411107 0.411107
3123.838379 0.000000 2325.166748 0.000000 0.979521 0.000000 -0.201341 0.406579 0.406579 0.406579
3104.570068 0.000000 2341.355225 0.000000 0.923018 0.000000 0.384756 0.362927 0.362927 0.362927
3103.144287 0.000000 2356.402100 0.000000 0.269915 0.000000 0.962884 0.359185 0.359185 0.359185
3127.150635 0.000000 2335.843018 0.000000 0.656864 0.000000 0.754009 0.329204 0.329204 0.329204
3108.086914 0.000000 2343.183838 0.000000 0.598766 0.000000 0.800924 0.322549 0.322549 0.322549
3114.936279 0.000000 2363.925049 0.000000 0.216462 0.000000 0.976291 0.335840 0.335840 0.335840
3118.722168 0.000000 2331.260010 0.000000 0.924066 0.000000 0.382232 0.381787 0.381787 0.381787
3105.175537 0.000000 2353.017822 0.000000 0.975152 0.000000 0.221536 0.391300 0.391300 0.391300
3107.165283 0.000000 2334.681152 0.000000 0.964772 0.000000 0.263089 0.379795 0.379795 0.379795
3122.087402 0.000000 2326.987305 0.000000 0.292468 0.000000 -0.956275 0.471245 0.471245 0.471245
3110.422119 0.000000 2334.512451 0.000000 0.999781 0.000000 0.020950 0.398964 0.398964 0.398964
3131.351562 0.000000 2349.627441 0.000000 0.901353 0.000000 0.433085 0.364664 0.364664 0.364664
3128.837646 0.000000 2328.702393 0.000000 0.084086 0.000000 0.996458 0.301277 0.301277 0.301277
3117.695557 0.000000 2344.324463 0.000000 0.797342 0.000000 0.603527 0.370560 0.370560 0.370560
3132.239014 0.000000 2315.881592 0.000000 0.263130 0.000000 -0.964760 0.485980 0.485980 0.485980
3120.144531 0.000000 2334.013672 0.000000 0.419858 0.000000 -0.907590 0.469292 0.469292 0.469292
3113.270264 0.000000 2344.501709 0.000000 0.698587 0.000000 0.715525 0.343066 0.343066 0.343066
3115.271729 0.000000 2346.035645 0.000000 0.929290 0.000000 -0.369351 0.430223 0.430223 0.430223
3131.996338 0.000000 2312.027588 0.000000 0.992482 0.000000 0.122387 0.392771 0.392771 0.392771
3110.587891 0.000000 2363.156006 0.000000 0.999354 0.000000 -0.035929 0.402745 0.402745 0.402745
3102.623535 0.000000 2336.987061 0.000000 0.881845 0.000000 -0.471540 0.437758 0.437758 0.437758
3131.710938 0.000000 2332.147217 0.000000 0.990510 0.000000 -0.137443 0.407435 0.407435 0.407435
3119.433594 0.000000 2349.412842 0.000000 0.625279 0.000000 -0.780401 0.448280 0.448280 0.448280
3134.711670 0.000000 2352.443848 0.000000 0.309682 0.000000 -0.950840 0.472744 0.472744 0.472744
3105.115234 0.000000 2357.406250 0.000000 0.970134 0.000000 0.242571 0.386176 0.386176 0.386176
3111.157715 0.000000 2336.739014 0.000000 0.584836 0.000000 0.811152 0.340949 0.340949 0.340949
3114.578369 0.000000 2360.806396 0.000000 0.960541 0.000000 -0.278138 0.416888 0.416888 0.416888
3129.304443 0.000000 2348.967041 0.000000 0.978061 0.000000 0.208317 0.388369 0.388369 0.388369
3137.593262 0.000000 2346.448975 0.000000 0.658425 0.000000 -0.752647 0.499129 0.499129 0.499129
3146.989990 0.000000 2341.245605 0.000000 0.842802 0.000000 0.538223 0.332462 0.332462 0.332462
3135.847900 0.000000 2328.316162 0.000000 0.829366 0.000000 0.558706 0.397336 0.397336 0.397336
3155.493164 0.000000 2324.916260 0.000000 0.603415 0.000000 -0.797427 0.409217 0.409217 0.409217
3143.783936 0.000000 2337.620850 0.000000 0.717673 0.000000 0.696380 0.391153 0.391153 0.391153
3163.186035 0.000000 2335.687744 0.000000 0.945110 0.000000 0.326751 0.395346 0.395346 0.395346
3152.628418 0.000000 2353.020020 0.000000 0.739676 0.000000 -0.672964 0.422853 0.422853 0.422853
3160.447021 0.000000 2337.108643 0.000000 0.545025 0.000000 0.838420 0.366734 0.366734 0.366734
3149.660156 0.000000 2328.000488 0.000000 0.340674 0.000000 0.940182 0.355416 0.355416 0.355416
3151.588623 0.000000 2333.567139 0.000000 0.997207 0.000000 0.074694 0.393467 0.393467 0.393467
3142.143311 0.000000 2359.317627 0.000000 0.999734 0.000000 -0.023075 0.400899 0.400899 0.400899
3161.127930 0.000000 2333.906494 0.000000 0.275699 0.000000 -0.961244 0.449008 0.449008 0.449008
3148.796387 0.000000 2330.503418 0.000000 0.192119 0.000000 -0.981372 0.472905 0.472905 0.472905
3137.567383 0.000000 2362.598145 0.000000 0.703582 0.000000 -0.710614 0.460380 0.460380 0.460380
3139.463135 0.000000 2359.319580 0.000000 0.381008 0.000000 0.924572 0.346388 0.346388 0.346388
3137.583252 0.000000 2352.335205 0.000000 0.990225 0.000000 0.139480 0.392733 0.392733 0.392733
3157.662109 0.000000 2337.170410 0.000000 0.339637 0.000000 -0.940557 0.494750 0.494750 0.494750
3154.929932 0.000000 2330.880859 0.000000 0.180981 0.000000 -0.983487 0.514419 0.514419 0.514419
3153.241455 0.000000 2350.746826 0.000000 0.434885 0.000000 -0.900486 0.468839 0.468839 0.468839
3149.424316 0.000000 2334.956299 0.000000 0.011733 0.000000 -0.999931 0.501199 0.501199 0.501199
3144.196045 0.000000 2366.535889 0.000000 0.984126 0.000000 -0.177472 0.410958 0.410958 0.410958
3138.182617 0.000000 2306.356445 0.000000 0.155644 0.000000 -0.987813 0.485460 0.485460 0.485460
3140.114258 0.000000 2313.095947 0.000000 0.374866 0.000000 0.927079 0.330091 0.330091 0.330091
3145.279053 0.000000 2371.402344 0.000000 0.537884 0.000000 0.843019 0.366951 0.366951 0.366951
3140.150391 0.000000 2371.205078 0.000000 0.997548 0.000000 0.069980 0.396153 0.396153 0.396153
3138.182617 0.000000 2370.340820 0.000000 0.935845 0.000000 0.352412 0.380399 0.380399 0.380399
3320.295898 0.000000 2343.033691 0.000000 0.971740 0.000000 0.236053 0.397858 0.397858 0.397858
3326.960449 0.000000 2359.507324 0.000000 0.895953 0.000000 -0.444150 0.406434 0.406434 0.406434
3294.328125 0.000000 2347.631592 0.000000 0.077636 0.000000 -0.996982 0.423111 0.423111 0.423111
3308.142822 0.000000 2366.202881 0.000000 0.898533 0.000000 0.438907 0.350314 0.350314 0.350314
3286.610840 0.000000 2343.976807 0.000000 0.800822 0.000000 0.598903 0.388778 0.388778 0.388778
3286.084961 0.000000 2366.145020 0.000000 0.989250 0.000000 0.146233 0.396849 0.396849 0.396849
3282.354004 0.000000 2345.796143 0.000000 0.296588 0.000000 -0.955005 0.432966 0.432966 0.432966
3263.809326 0.000000 2349.872803 0.000000 0.981069 0.000000 -0.193660 0.404866 0.404866 0.404866
3311.233398 0.000000 2358.973877 0.000000 0.802902 0.000000 -0.596111 0.414988 0.414988 0.414988
3276.110107 0.000000 2356.326904 0.000000 0.908712 0.000000 0.417423 0.390325 0.390325 0.390325
3312.876953 0.000000 2354.994141 0.000000 0.958467 0.000000 0.285202 0.393357 0.393357 0.393357
3317.971680 0.000000 2358.212646 0.000000 0.516791 0.000000 0.856112 0.368185 0.368185 0.368185
3318.360596 0.000000 2351.962402 0.000000 0.860595 0.000000 -0.509291 0.451495 0.451495 0.451495
3308.228760 0.000000 2358.705566 0.000000 0.331743 0.000000 0.943370 0.354455 0.354455 0.354455
3268.286133 0.000000 2347.958496 0.000000 0.896350 0.000000 -0.443347 0.419265 0.419265 0.419265
3277.301270 0.000000 2366.301514 0.000000 0.897442 0.000000 0.441133 0.361449 0.361449 0.361449
3271.142578 0.000000 2356.045898 0.000000 0.908028 0.000000 -0.418910 0.434316 0.434316 0.434316
3324.480225 0.000000 2356.899658 0.000000 0.467627 0.000000 -0.883926 0.453593 0.453593 0.453593
3301.040039 0.000000 2358.216064 0.000000 0.424927 0.000000 0.905228 0.301094 0.301094 0.301094
3314.470215 0.000000 2351.686279 0.000000 0.071419 0.000000 -0.997446 0.476360 0.476360 0.476360
3267.447510 0.000000 2359.319580 0.000000 0.564569 0.000000 0.825386 0.350068 0.350068 0.350068
3292.778320 0.000000 2349.740967 0.000000 0.675249 0.000000 0.737590 0.358997 0.358997 0.358997
3306.912842 0.000000 2363.925049 0.000000 0.178970 0.000000 -0.983855 0.511115 0.511115 0.511115
3299.579834 0.000000 2362.634521 0.000000 0.794483 0.000000 -0.607286 0.426721 0.426721 0.426721
3297.152100 0.000000 2353.017822 0.000000 0.004791 0.000000 -0.999988 0.525889 0.525889 0.525889
3279.817627 0.000000 2363.066162 0.000000 0.809741 0.000000 0.586787 0.373386 0.373386 0.373386
3316.845459 0.000000 2347.290771 0.000000 0.866023 0.000000 0.500003 0.378039 0.378039 0.378039
3291.778564 0.000000 2347.438721 0.000000 0.617079 0.000000 0.786902 0.352965 0.352965 0.352965
3273.858154 0.000000 2355.231689 0.000000 0.982991 0.000000 0.183651 0.385429 0.385429 0.385429
3318.746094 0.000000 2349.465332 0.000000 0.457737 0.000000 0.889088 0.316322 0.316322 0.316322
3323.328125 0.000000 2349.627441 0.000000 0.216206 0.000000 -0.976348 0.500650 0.500650 0.500650
3309.501465 0.000000 2363.944336 0.000000 0.696462 0.000000 -0.717594 0.463140 0.463140 0.463140
3266.093750 0.000000 2348.904541 0.000000 0.340390 0.000000 0.940284 0.327915 0.327915 0.327915
3317.785156 0.000000 2355.784180 0.000000 0.908501 0.000000 -0.417882 0.429490 0.429490 0.429490
3273.193848 0.000000 2348.836670 0.000000 0.135230 0.000000 0.990814 0.324759 0.324759 0.324759
3302.564453 0.000000 2363.156006 0.000000 0.256857 0.000000 -0.966449 0.500155 0.500155 0.500155
3304.605469 0.000000 2356.750244 0.000000 0.499168 0.000000 0.866505 0.329870 0.329870 0.329870
3287.689697 0.000000 2357.732178 0.000000 0.941090 0.000000 0.338157 0.379848 0.379848 0.379848
3325.479004 0.000000 2348.910156 0.000000 0.299222 0.000000 -0.954184 0.474012 0.474012 0.474012
3306.554932 0.000000 2360.806396 0.000000 0.879895 0.000000 0.475169 0.364398 0.364398 0.364398
3275.627686 0.000000 2354.003906 0.000000 0.422294 0.000000 0.906459 0.337671 0.337671 0.337671
3322.359619 0.000000 2356.358154 0.000000 0.452928 0.000000 0.891547 0.330748 0.330748 0.330748
3304.781982 0.000000 2353.021973 0.000000 0.154872 0.000000 -0.987935 0.477027 0.477027 0.477027
3289.691895 0.000000 2347.625488 0.000000 0.968192 0.000000 -0.250208 0.416289 0.416289 0.416289
3270.322754 0.000000 2348.257324 0.000000 0.812482 0.000000 0.582986 0.360221 0.360221 0.360221
3200.110596 0.000000 2418.538574 0.000000 0.979087 0.000000 -0.203443 0.401023 0.401023 0.401023
3209.971436 0.000000 2429.119873 0.000000 0.967195 0.000000 -0.254037 0.402565 0.402565 0.402565
3233.860596 0.000000 2428.574951 0.000000 0.958658 0.000000 -0.284560 0.402737 0.402737 0.402737
3225.313965 0.000000 2423.213623 0.000000 0.517775 0.000000 0.855517 0.390261 0.390261 0.390261
3241.302734 0.000000 2422.981934 0.000000 0.691100 0.000000 0.722759 0.381043 0.381043 0.381043
3211.392822 0.000000 2400.589355 0.000000 0.346278 0.000000 0.938132 0.376297 0.376297 0.376297
3208.047119 0.000000 2407.347412 0.000000 0.153363 0.000000 0.988170 0.370288 0.370288 0.370288
3223.994629 0.000000 2410.431152 0.000000 0.560855 0.000000 -0.827914 0.434578 0.434578 0.434578
3218.843506 0.000000 2412.986328 0.000000 0.769109 0.000000 0.639117 0.369535 0.369535 0.369535
3221.654297 0.000000 2401.154785 0.000000 0.350456 0.000000 -0.936579 0.451470 0.451470 0.451470
3213.178223 0.000000 2406.373047 0.000000 0.821033 0.000000 -0.570881 0.443078 0.443078 0.443078
3217.798828 0.000000 2403.623535 0.000000 0.900632 0.000000 -0.434584 0.436141 0.436141 0.436141
3215.273926 0.000000 2419.122559 0.000000 0.775446 0.000000 -0.631414 0.456301 0.456301 0.456301
3220.793457 0.000000 2409.778076 0.000000 0.442855 0.000000 0.896593 0.321711 0.321711 0.321711
3236.363525 0.000000 2418.813721 0.000000 0.926481 0.000000 0.376341 0.368405 0.368405 0.368405
3217.555176 0.000000 2422.371094 0.000000 0.998609 0.000000 -0.052727 0.402634 0.402634 0.402634
3216.047363 0.000000 2410.329102 0.000000 0.260405 0.000000 -0.965499 0.492041 0.492041 0.492041
3217.233643 0.000000 2414.731201 0.000000 0.193606 0.000000 0.981079 0.325801 0.325801 0.325801
3222.997803 0.000000 2405.716309 0.000000 0.407065 0.000000 0.913399 0.339627 0.339627 0.339627
3216.978760 0.000000 2401.686523 0.000000 0.403498 0.000000 -0.914980 0.464616 0.464616 0.464616
3278.341309 0.000000 2378.586914 0.000000 0.994355 0.000000 -0.106105 0.401115 0.401115 0.401115
3271.685547 0.000000 2368.759766 0.000000 0.269210 0.000000 0.963081 0.366293 0.366293 0.366293
3301.775635 0.000000 2369.935791 0.000000 0.224263 0.000000 -0.974529 0.440283 0.440283 0.440283
3312.658447 0.000000 2373.173828 0.000000 0.983218 0.000000 -0.182435 0.404672 0.404672 0.404672
3272.822510 0.000000 2374.321777 0.000000 0.303166 0.000000 -0.952938 0.431526 0.431526 0.431526
3276.087646 0.000000 2376.289307 0.000000 0.162802 0.000000 -0.986659 0.442160 0.442160 0.442160
3278.149658 0.000000 2372.683350 0.000000 0.568353 0.000000 -0.822785 0.480574 0.480574 0.480574
3275.881104 0.000000 2370.463623 0.000000 0.984965 0.000000 0.172753 0.387256 0.387256 0.387256
3282.009033 0.000000 2369.583740 0.000000 0.911090 0.000000 0.412208 0.367330 0.367330 0.367330
3311.304199 0.000000 2371.326904 0.000000 0.906120 0.000000 0.423020 0.373612 0.373612 0.373612
3313.289795 0.000000 2368.081299 0.000000 0.488649 0.000000 -0.872481 0.461410 0.461410 0.461410
3506.431396 0.000000 2431.396973 0.000000 0.691696 0.000000 0.722189 0.379451 0.379451 0.379451
3515.376221 0.000000 2430.587402 0.000000 0.915847 0.000000 -0.401527 0.427232 0.427232 0.427232
3497.502686 0.000000 2431.353027 0.000000 0.142070 0.000000 -0.989857 0.484863 0.484863 0.484863
3525.148193 0.000000 2431.359619 0.000000 0.300776 0.000000 0.953695 0.385469 0.385469 0.385469
3521.326660 0.000000 2430.483154 0.000000 0.593823 0.000000 -0.804595 0.447619 0.447619 0.447619
3513.989014 0.000000 2444.931641 0.000000 0.854399 0.000000 -0.519617 0.401364 0.401364 0.401364
3485.204102 0.000000 2450.820312 0.000000 0.162636 0.000000 -0.986686 0.422488 0.422488 0.422488
3493.752197 0.000000 2433.920166 0.000000 0.003676 0.000000 0.999993 0.350704 0.350704 0.350704
3501.424561 0.000000 2451.964844 0.000000 0.960522 0.000000 -0.278204 0.409572 0.409572 0.409572
3496.755859 0.000000 2451.348389 0.000000 0.539050 0.000000 0.842274 0.316491 0.316491 0.316491
3499.817627 0.000000 2446.941406 0.000000 0.995762 0.000000 0.091965 0.395907 0.395907 0.395907
3495.008301 0.000000 2431.460205 0.000000 0.701157 0.000000 -0.713007 0.433293 0.433293 0.433293
3498.172607 0.000000 2442.065186 0.000000 0.594559 0.000000 0.804052 0.365020 0.365020 0.365020
3490.395996 0.000000 2445.403564 0.000000 0.933803 0.000000 0.357788 0.383192 0.383192 0.383192
3497.841064 0.000000 2445.125977 0.000000 0.970814 0.000000 0.239835 0.388753 0.388753 0.388753
3501.182861 0.000000 2438.826904 0.000000 0.416970 0.000000 -0.908920 0.488851 0.488851 0.488851
3492.969482 0.000000 2457.945068 0.000000 0.951732 0.000000 -0.306932 0.414642 0.414642 0.414642
3495.551758 0.000000 2445.892334 0.000000 0.963646 0.000000 -0.267182 0.414045 0.414045 0.414045
3505.726562 0.000000 2439.335693 0.000000 0.317858 0.000000 0.948138 0.338343 0.338343 0.338343
3515.949463 0.000000 2439.996338 0.000000 0.688949 0.000000 0.724810 0.340896 0.340896 0.340896
3505.266357 0.000000 2432.065674 0.000000 0.981546 0.000000 -0.191226 0.411240 0.411240 0.411240
3515.166260 0.000000 2431.523193 0.000000 0.829317 0.000000 -0.558779 0.439078 0.439078 0.439078
3496.241699 0.000000 2439.015381 0.000000 0.827219 0.000000 0.561880 0.361569 0.361569 0.361569
3513.105469 0.000000 2437.732422 0.000000 0.592431 0.000000 0.805621 0.333117 0.333117 0.333117
3504.805908 0.000000 2434.012207 0.000000 0.612696 0.000000 -0.790319 0.459155 0.459155 0.459155
3519.691406 0.000000 2443.893799 0.000000 0.281313 0.000000 -0.959616 0.432738 0.432738 0.432738
3519.642334 0.000000 2440.655273 0.000000 0.980493 0.000000 0.196556 0.390220 0.390220 0.390220
3642.832275 0.000000 2074.093018 0.000000 0.853802 0.000000 -0.520598 0.401094 0.401094 0.401094
3681.343994 0.000000 2068.411865 0.000000 0.045766 0.000000 -0.998952 0.586556 0.586556 0.586556
3663.760742 0.000000 2074.087646 0.000000 0.894416 0.000000 0.447236 0.397916 0.397916 0.397916
3678.488525 0.000000 2075.759277 0.000000 0.598451 0.000000 -0.801160 0.512746 0.512746 0.512746
3672.961914 0.000000 2084.230713 0.000000 0.877014 0.000000 0.480464 0.394745 0.394745 0.394745
3667.103271 0.000000 2081.627197 0.000000 0.730733 0.000000 -0.682664 0.414257 0.414257 0.414257
3663.596924 0.000000 2055.055908 0.000000 0.978069 0.000000 0.208282 0.395495 0.395495 0.395495
3647.675781 0.000000 2059.987549 0.000000 0.683839 0.000000 -0.729633 0.417966 0.417966 0.417966
3656.702148 0.000000 2064.697998 0.000000 0.524576 0.000000 -0.851364 0.432041 0.432041 0.432041
3647.604736 0.000000 2075.483643 0.000000 0.255419 0.000000 -0.966830 0.447841 0.447841 0.447841
3657.216553 0.000000 2051.480469 0.000000 0.932941 0.000000 -0.360028 0.413792 0.413792 0.413792
3655.569092 0.000000 2084.593262 0.000000 0.627183 0.000000 -0.778872 0.438340 0.438340 0.438340
3681.437988 0.000000 2065.534668 0.000000 0.812386 0.000000 0.583120 0.348399 0.348399 0.348399
3658.072266 0.000000 2075.336670 0.000000 0.721129 0.000000 0.692800 0.371338 0.371338 0.371338
3651.788330 0.000000 2063.394043 0.000000 0.770404 0.000000 0.637556 0.371350 0.371350 0.371350
3657.354248 0.000000 2078.914062 0.000000 0.972885 0.000000 0.231290 0.382402 0.382402 0.382402
3683.706543 0.000000 2066.857666 0.000000 0.374278 0.000000 0.927316 0.308121 0.308121 0.308121
3657.950195 0.000000 2082.963867 0.000000 0.491871 0.000000 -0.870668 0.454865 0.454865 0.454865
3682.767334 0.000000 2070.515869 0.000000 0.724535 0.000000 -0.689238 0.452777 0.452777 0.452777
3666.867432 0.000000 2074.943359 0.000000 0.654608 0.000000 -0.755969 0.466336 0.466336 0.466336
3680.350830 0.000000 2074.174561 0.000000 0.970793 0.000000 0.239920 0.381854 0.381854 0.381854
3670.677490 0.000000 2064.288574 0.000000 0.376146 0.000000 0.926561 0.311235 0.311235 0.311235
3668.053223 0.000000 2079.209961 0.000000 0.868976 0.000000 -0.494855 0.431276 0.431276 0.431276
3649.844727 0.000000 2079.427002 0.000000 1.000000 0.000000 0.000913 0.399932 0.399932 0.399932
3666.674561 0.000000 2066.847412 0.000000 0.252923 0.000000 -0.967487 0.466977 0.466977 0.466977
3650.584229 0.000000 2082.174072 0.000000 0.083911 0.000000 -0.996473 0.497992 0.497992 0.497992
3772.770020 0.000000 2105.289062 0.000000 0.263579 0.000000 -0.964638 0.461206 0.461206 0.461206
3774.038574 0.000000 2074.556396 0.000000 0.925323 0.000000 0.379180 0.379222 0.379222 0.379222
3775.376709 0.000000 2062.860352 0.000000 0.800059 0.000000 -0.599922 0.444334 0.444334 0.444334
3785.214600 0.000000 2057.745361 0.000000 0.529986 0.000000 -0.848006 0.403538 0.403538 0.403538
3825.238770 0.000000 2075.883545 0.000000 0.008289 0.000000 -0.999966 0.426526 0.426526 0.426526
3813.128662 0.000000 2061.232422 0.000000 0.999482 0.000000 0.032188 0.396817 0.396817 0.396817
3775.610596 0.000000 2066.077393 0.000000 0.844077 0.000000 0.536221 0.381067 0.381067 0.381067
3825.145508 0.000000 2063.797607 0.000000 0.781892 0.000000 0.623413 0.371433 0.371433 0.371433
3818.446045 0.000000 2072.116943 0.000000 0.553295 0.000000 0.832985 0.311519 0.311519 0.311519
3816.716797 0.000000 2067.442139 0.000000 0.813334 0.000000 -0.581797 0.431624 0.431624 0.431624
3778.148438 0.000000 2070.800781 0.000000 0.701599 0.000000 -0.712572 0.440395 0.440395 0.440395
3781.468506 0.000000 2078.237061 0.000000 0.895203 0.000000 -0.445659 0.435518 0.435518 0.435518
3823.927002 0.000000 2066.817627 0.000000 0.006258 0.000000 -0.999980 0.517178 0.517178 0.517178
3811.690918 0.000000 2066.857666 0.000000 0.965533 0.000000 0.260282 0.388167 0.388167 0.388167
3820.897217 0.000000 2070.770020 0.000000 0.043695 0.000000 -0.999045 0.531148 0.531148 0.531148
3817.802002 0.000000 2061.219727 0.000000 0.811392 0.000000 0.584503 0.375375 0.375375 0.375375
3826.001465 0.000000 2071.049805 0.000000 0.942138 0.000000 -0.335225 0.426798 0.426798 0.426798
3815.107666 0.000000 2075.560791 0.000000 0.669189 0.000000 0.743092 0.339770 0.339770 0.339770
3812.930420 0.000000 2074.038818 0.000000 0.932278 0.000000 -0.361744 0.418481 0.418481 0.418481
3806.250732 0.000000 2061.321289 0.000000 0.839406 0.000000 0.543505 0.369875 0.369875 0.369875
3815.512695 0.000000 2061.986084 0.000000 0.876398 0.000000 -0.481587 0.435375 0.435375 0.435375
3777.829102 0.000000 2079.427002 0.000000 0.423615 0.000000 -0.905842 0.480924 0.480924 0.480924
3813.533203 0.000000 2058.636963 0.000000 0.884875 0.000000 -0.465828 0.438712 0.438712 0.438712
3820.180176 0.000000 2075.908447 0.000000 0.207961 0.000000 -0.978137 0.465932 0.465932 0.465932
3827.441895 0.000000 2064.028809 0.000000 0.996261 0.000000 0.086399 0.393391 0.393391 0.393391
3808.843750 0.000000 2059.579102 0.000000 0.935400 0.000000 0.353591 0.375278 0.375278 0.375278
3783.320312 0.000000 2079.618652 0.000000 0.955626 0.000000 -0.294583 0.417319 0.417319 0.417319
3775.540771 0.000000 2105.888916 0.000000 0.731793 0.000000 0.681527 0.353199 0.353199 0.353199
3742.262939 0.000000 2147.293213 0.000000 0.683323 0.000000 -0.730116 0.405313 0.405313 0.405313
3763.998535 0.000000 2136.586914 0.000000 0.590253 0.000000 0.807218 0.391557 0.391557 0.391557
3752.705811 0.000000 2141.639160 0.000000 0.837676 0.000000 0.546168 0.335378 0.335378 0.335378
3755.911621 0.000000 2144.556641 0.000000 0.705511 0.000000 -0.708699 0.479050 0.479050 0.479050
3744.491943 0.000000 2149.402100 0.000000 0.494446 0.000000 -0.869208 0.435247 0.435247 0.435247
3752.022949 0.000000 2134.165771 0.000000 0.861374 0.000000 -0.507971 0.423412 0.423412 0.423412
3754.453857 0.000000 2136.101318 0.000000 0.619182 0.000000 -0.785248 0.433368 0.433368 0.433368
3758.636230 0.000000 2126.119141 0.000000 0.698325 0.000000 -0.715781 0.430671 0.430671 0.430671
3759.934814 0.000000 2130.802002 0.000000 0.712791 0.000000 0.701377 0.368950 0.368950 0.368950
3770.410645 0.000000 2131.828613 0.000000 0.530574 0.000000 0.847638 0.326261 0.326261 0.326261
3746.759521 0.000000 2134.500244 0.000000 0.989103 0.000000 -0.147227 0.406862 0.406862 0.406862
3744.343018 0.000000 2138.158936 0.000000 0.203541 0.000000 -0.979066 0.466151 0.466151 0.466151
3741.062744 0.000000 2153.406982 0.000000 0.075717 0.000000 -0.997129 0.489577 0.489577 0.489577
3774.428223 0.000000 2130.076904 0.000000 0.029581 0.000000 -0.999562 0.495423 0.495423 0.495423
3772.160889 0.000000 2123.928467 0.000000 0.313967 0.000000 0.949434 0.324393 0.324393 0.324393
3772.074219 0.000000 2130.125977 0.000000 0.746889 0.000000 0.664949 0.350240 0.350240 0.350240
3749.054199 0.000000 2146.979980 0.000000 0.973572 0.000000 0.228381 0.384353 0.384353 0.384353
3749.619141 0.000000 2149.647217 0.000000 0.615984 0.000000 0.787758 0.348363 0.348363 0.348363
3778.884521 0.000000 2124.547119 0.000000 0.310365 0.000000 0.950617 0.363022 0.363022 0.363022
3779.772705 0.000000 2127.378418 0.000000 0.483892 0.000000 -0.875128 0.437780 0.437780 0.437780
3920.116455 0.000000 2243.207764 0.000000 0.945162 0.000000 0.326603 0.396678 0.396678 0.396678
3929.776855 0.000000 2285.838623 0.000000 0.313675 0.000000 -0.949530 0.421250 0.421250 0.421250
3934.250000 0.000000 2283.647217 0.000000 0.315429 0.000000 -0.948949 0.417474 0.417474 0.417474
3923.072021 0.000000 2273.580322 0.000000 0.878887 0.000000 -0.477031 0.411173 0.411173 0.411173
3956.439941 0.000000 2273.266113 0.000000 0.566447 0.000000 0.824098 0.372433 0.372433 0.372433
3965.110840 0.000000 2272.535400 0.000000 0.772019 0.000000 0.635599 0.332592 0.332592 0.332592
3909.579102 0.000000 2260.893555 0.000000 0.958901 0.000000 -0.283743 0.410774 0.410774 0.410774
3917.441650 0.000000 2257.037842 0.000000 0.017315 0.000000 -0.999850 0.543498 0.543498 0.543498
3924.901123 0.000000 2251.078857 0.000000 0.949497 0.000000 0.313776 0.388366 0.388366 0.388366
3962.964355 0.000000 2278.073730 0.000000 0.062676 0.000000 -0.998034 0.457228 0.457228 0.457228
3961.246826 0.000000 2268.626465 0.000000 0.067038 0.000000 -0.997750 0.466823 0.466823 0.466823
3959.049072 0.000000 2271.858643 0.000000 0.448082 0.000000 0.893993 0.350843 0.350843 0.350843
3929.049561 0.000000 2278.934326 0.000000 0.904997 0.000000 -0.425419 0.435764 0.435764 0.435764
3950.716797 0.000000 2272.570312 0.000000 0.945587 0.000000 -0.325370 0.425979 0.425979 0.425979
3918.071533 0.000000 2244.714600 0.000000 0.961207 0.000000 0.275828 0.388558 0.388558 0.388558
3924.707520 0.000000 2281.809326 0.000000 0.197709 0.000000 0.980261 0.286300 0.286300 0.286300
3960.666504 0.000000 2276.714600 0.000000 0.543210 0.000000 -0.839597 0.457222 0.457222 0.457222
3952.042969 0.000000 2270.029297 0.000000 0.795758 0.000000 -0.605614 0.443201 0.443201 0.443201
3967.423584 0.000000 2275.811279 0.000000 0.795305 0.000000 0.606209 0.357725 0.357725 0.357725
3948.164551 0.000000 2267.861572 0.000000 0.621741 0.000000 0.783223 0.338896 0.338896 0.338896
3943.012695 0.000000 2281.238037 0.000000 0.044616 0.000000 0.999004 0.296364 0.296364 0.296364
3963.609375 0.000000 2268.162842 0.000000 0.931128 0.000000 0.364693 0.379869 0.379869 0.379869
3945.723633 0.000000 2271.840576 0.000000 0.769207 0.000000 0.638999 0.359850 0.359850 0.359850
3943.056152 0.000000 2272.754639 0.000000 0.565355 0.000000 -0.824848 0.450851 0.450851 0.450851
3941.030762 0.000000 2274.948730 0.000000 0.341096 0.000000 -0.940029 0.489745 0.489745 0.489745
3946.968750 0.000000 2274.629883 0.000000 0.168384 0.000000 0.985721 0.317419 0.317419 0.317419
3922.737549 0.000000 2250.736572 0.000000 0.790221 0.000000 -0.612822 0.444463 0.444463 0.444463
3966.838867 0.000000 2273.717773 0.000000 0.548837 0.000000 0.835929 0.331796 0.331796 0.331796
3917.541504 0.000000 2246.665771 0.000000 0.409398 0.000000 -0.912356 0.469992 0.469992 0.469992
4010.124512 0.000000 2287.287842 0.000000 0.198253 0.000000 -0.980151 0.411639 0.411639 0.411639
4026.700195 0.000000 2295.014404 0.000000 0.942314 0.000000 0.334731 0.393865 0.393865 0.393865
4020.024902 0.000000 2289.998779 0.000000 0.750308 0.000000 0.661089 0.384493 0.384493 0.384493
4008.757812 0.000000 2298.385498 0.000000 0.897645 0.000000 -0.440719 0.410938 0.410938 0.410938
4015.395508 0.000000 2298.078369 0.000000 0.983352 0.000000 0.181710 0.393796 0.393796 0.393796
4012.142822 0.000000 2294.721191 0.000000 0.184931 0.000000 0.982751 0.355056 0.355056 0.355056
3991.900879 0.000000 2282.462402 0.000000 0.345648 0.000000 -0.938364 0.439526 0.439526 0.439526
4017.340820 0.000000 2296.392578 0.000000 0.682935 0.000000 -0.730479 0.462569 0.462569 0.462569
4024.376465 0.000000 2294.313477 0.000000 0.534116 0.000000 -0.845411 0.449291 0.449291 0.449291
4021.699219 0.000000 2291.799805 0.000000 0.135999 0.000000 0.990709 0.324799 0.324799 0.324799
3991.803711 0.000000 2284.838623 0.000000 0.106612 0.000000 -0.994301 0.482601 0.482601 0.482601
3983.731689 0.000000 2491.034912 0.000000 0.017447 0.000000 -0.999848 0.522545 0.522545 0.522545
3982.720459 0.000000 2489.088867 0.000000 0.790447 0.000000 0.612530 0.360828 0.360828 0.360828
4089.027832 0.000000 2493.740723 0.000000 0.581260 0.000000 0.813718 0.380067 0.380067 0.380067
4094.462402 0.000000 2494.061279 0.000000 0.249513 0.000000 0.968371 0.271612 0.271612 0.271612
4091.305908 0.000000 2494.571777 0.000000 0.981325 0.000000 -0.192356 0.410245 0.410245 0.410245
3989.018311 0.000000 2521.654785 0.000000 0.558673 0.000000 0.829388 0.386815 0.386815 0.386815
3997.141602 0.000000 2514.804688 0.000000 0.999693 0.000000 -0.024765 0.402708 0.402708 0.402708
3982.671631 0.000000 2510.020020 0.000000 0.001277 0.000000 0.999999 0.364735 0.364735 0.364735
3976.663086 0.000000 2512.588623 0.000000 0.130674 0.000000 -0.991425 0.546652 0.546652 0.546652
3975.518066 0.000000 2521.512451 0.000000 0.981193 0.000000 0.193030 0.392920 0.392920 0.392920
4000.460693 0.000000 2533.308350 0.000000 0.115656 0.000000 -0.993289 0.448671 0.448671 0.448671
4000.107422 0.000000 2519.271240 0.000000 0.491047 0.000000 0.871133 0.297036 0.297036 0.297036
3981.558594 0.000000 2519.953613 0.000000 0.653264 0.000000 0.757131 0.374268 0.374268 0.374268
4006.946289 0.000000 2531.947510 0.000000 0.791151 0.000000 0.611621 0.377655 0.377655 0.377655
3993.319580 0.000000 2509.924316 0.000000 0.487664 0.000000 0.873031 0.366083 0.366083 0.366083
3970.125000 0.000000 2518.691406 0.000000 0.487985 0.000000 -0.872852 0.444501 0.444501 0.444501
3995.862305 0.000000 2524.919434 0.000000 0.117163 0.000000 0.993113 0.328158 0.328158 0.328158
3994.466553 0.000000 2519.637451 0.000000 0.733542 0.000000 -0.679644 0.466416 0.466416 0.466416
4003.667480 0.000000 2514.748291 0.000000 0.613600 0.000000 0.789617 0.360007 0.360007 0.360007
3998.238770 0.000000 2512.536133 0.000000 0.692443 0.000000 -0.721472 0.462373 0.462373 0.462373
3970.288574 0.000000 2513.528320 0.000000 0.963865 0.000000 0.266392 0.380881 0.380881 0.380881
4002.728271 0.000000 2518.406494 0.000000 0.883819 0.000000 0.467830 0.363538 0.363538 0.363538
4006.312744 0.000000 2526.465576 0.000000 0.969800 0.000000 -0.243903 0.414763 0.414763 0.414763
4007.084229 0.000000 2523.451416 0.000000 0.538082 0.000000 -0.842892 0.454068 0.454068 0.454068
4004.906982 0.000000 2521.929443 0.000000 0.128313 0.000000 0.991734 0.315032 0.315032 0.315032
3979.795166 0.000000 2498.432373 0.000000 0.978547 0.000000 -0.206026 0.411501 0.411501 0.411501
3990.638428 0.000000 2512.179199 0.000000 0.608679 0.000000 -0.793416 0.447129 0.447129 0.447129
3985.923096 0.000000 2497.552490 0.000000 0.095626 0.000000 -0.995417 0.477332 0.477332 0.477332
3998.514160 0.000000 2528.940186 0.000000 0.770573 0.000000 -0.637352 0.449342 0.449342 0.449342
3972.989990 0.000000 2508.676758 0.000000 0.933003 0.000000 0.359869 0.379046 0.379046 0.379046
4086.738525 0.000000 2519.171875 0.000000 0.989436 0.000000 0.144970 0.396005 0.396005 0.396005
4090.488281 0.000000 2505.943848 0.000000 0.988714 0.000000 0.149818 0.395269 0.395269 0.395269
4087.332520 0.000000 2509.082520 0.000000 0.754703 0.000000 -0.656067 0.434301 0.434301 0.434301
4085.181885 0.000000 2513.800049 0.000000 0.293544 0.000000 -0.955945 0.450209 0.450209 0.450209
4092.121826 0.000000 2507.834717 0.000000 0.613498 0.000000 -0.789696 0.448180 0.448180 0.448180
4092.162109 0.000000 2518.609619 0.000000 0.080462 0.000000 -0.996758 0.470689 0.470689 0.470689
4087.486816 0.000000 2513.806641 0.000000 0.804488 0.000000 -0.593969 0.440964 0.440964 0.440964
4118.981445 0.000000 1796.865479 0.000000 0.800750 0.000000 -0.598999 0.408338 0.408338 0.408338
4115.375977 0.000000 1813.041382 0.000000 0.863990 0.000000 -0.503509 0.406323 0.406323 0.406323
4126.226562 0.000000 1835.756592 0.000000 0.389234 0.000000 0.921139 0.377197 0.377197 0.377197
4129.508789 0.000000 1820.729614 0.000000 0.685756 0.000000 0.727832 0.375579 0.375579 0.375579
4109.418457 0.000000 1809.147217 0.000000 0.829565 0.000000 -0.558410 0.423074 0.423074 0.423074
4114.240723 0.000000 1797.605469 0.000000 0.834873 0.000000 -0.550443 0.425321 0.425321 0.425321
4109.542969 0.000000 1816.125366 0.000000 0.957206 0.000000 0.289406 0.389738 0.389738 0.389738
4117.745605 0.000000 1814.764282 0.000000 0.140411 0.000000 0.990093 0.342882 0.342882 0.342882
4117.828613 0.000000 1799.486206 0.000000 0.964457 0.000000 -0.264239 0.412952 0.412952 0.412952
4106.017578 0.000000 1819.399170 0.000000 0.741149 0.000000 0.671341 0.368027 0.368027 0.368027
4105.299805 0.000000 1822.976562 0.000000 0.874989 0.000000 0.484142 0.377289 0.377289 0.377289
4110.047852 0.000000 1796.823975 0.000000 0.239973 0.000000 -0.970780 0.464341 0.464341 0.464341
4125.015625 0.000000 1833.485107 0.000000 0.900715 0.000000 -0.434411 0.422438 0.422438 0.422438
4116.050781 0.000000 1805.229370 0.000000 0.340420 0.000000 0.940274 0.324252 0.324252 0.324252
4123.265625 0.000000 1831.024658 0.000000 0.936922 0.000000 -0.349539 0.426209 0.426209 0.426209
4109.518066 0.000000 1798.775024 0.000000 0.362765 0.000000 0.931881 0.328126 0.328126 0.328126
4193.743652 0.000000 1980.684326 0.000000 0.989456 0.000000 0.144832 0.398476 0.398476 0.398476
4210.345703 0.000000 1983.506348 0.000000 0.999620 0.000000 0.027548 0.399395 0.399395 0.399395
4207.200684 0.000000 1981.732422 0.000000 0.961325 0.000000 -0.275417 0.408638 0.408638 0.408638
4205.392578 0.000000 1980.038086 0.000000 0.973417 0.000000 -0.229040 0.411308 0.411308 0.411308
4200.927734 0.000000 1985.586792 0.000000 0.601704 0.000000 -0.798719 0.501166 0.501166 0.501166
4211.944336 0.000000 2008.618164 0.000000 0.330492 0.000000 -0.943809 0.411090 0.411090 0.411090
4192.187500 0.000000 1989.560791 0.000000 0.938183 0.000000 -0.346140 0.406000 0.406000 0.406000
4221.508301 0.000000 2013.416992 0.000000 0.641021 0.000000 -0.767523 0.415291 0.415291 0.415291
4192.579102 0.000000 2015.775024 0.000000 0.074510 0.000000 -0.997220 0.423906 0.423906 0.423906
4200.906250 0.000000 2017.948608 0.000000 0.401399 0.000000 0.915903 0.273401 0.273401 0.273401
4198.366699 0.000000 1992.375854 0.000000 0.998588 0.000000 0.053115 0.398381 0.398381 0.398381
4208.014160 0.000000 2019.355835 0.000000 0.983089 0.000000 -0.183130 0.405058 0.405058 0.405058
4203.857422 0.000000 2016.588013 0.000000 0.425888 0.000000 -0.904776 0.515188 0.515188 0.515188
4194.690918 0.000000 1991.401978 0.000000 0.865453 0.000000 -0.500989 0.413100 0.413100 0.413100
4222.349121 0.000000 1996.906372 0.000000 0.931091 0.000000 -0.364786 0.411560 0.411560 0.411560
4221.371582 0.000000 1987.672729 0.000000 0.467007 0.000000 -0.884254 0.430877 0.430877 0.430877
4202.069824 0.000000 2010.951904 0.000000 0.485205 0.000000 -0.874400 0.442509 0.442509 0.442509
4212.097168 0.000000 1996.795044 0.000000 0.927259 0.000000 -0.374420 0.433917 0.433917 0.433917
4198.922852 0.000000 1983.569458 0.000000 0.959127 0.000000 0.282977 0.376220 0.376220 0.376220
4195.032715 0.000000 2014.759155 0.000000 0.002561 0.000000 -0.999997 0.461860 0.461860 0.461860
4213.166504 0.000000 2001.924927 0.000000 0.646860 0.000000 -0.762609 0.464960 0.464960 0.464960
4213.214844 0.000000 1986.558594 0.000000 0.966083 0.000000 0.258232 0.380699 0.380699 0.380699
4205.097168 0.000000 1990.936279 0.000000 0.742995 0.000000 -0.669297 0.438809 0.438809 0.438809
4198.289551 0.000000 2014.590698 0.000000 0.212162 0.000000 -0.977235 0.510444 0.510444 0.510444
4220.106445 0.000000 1995.959595 0.000000 0.345255 0.000000 -0.938509 0.463263 0.463263 0.463263
4209.641113 0.000000 1991.445190 0.000000 0.443060 0.000000 -0.896492 0.474387 0.474387 0.474387
4217.915527 0.000000 1987.812866 0.000000 0.214828 0.000000 -0.976652 0.489935 0.489935 0.489935
4219.863770 0.000000 1992.105591 0.000000 0.231102 0.000000 0.972930 0.305162 0.305162 0.305162
4207.194824 0.000000 1987.420776 0.000000 0.396484 0.000000 0.918041 0.316952 0.316952 0.316952
4209.180664 0.000000 1984.175049 0.000000 0.317633 0.000000 0.948214 0.335216 0.335216 0.335216
4196.999512 0.000000 2019.011353 0.000000 0.193323 0.000000 0.981135 0.305857 0.305857 0.305857
4200.155762 0.000000 1991.124878 0.000000 0.760862 0.000000 0.648913 0.358394 0.358394 0.358394
4197.564453 0.000000 2021.678467 0.000000 0.714088 0.000000 0.700056 0.356246 0.356246 0.356246
4220.392090 0.000000 2008.931885 0.000000 0.501534 0.000000 -0.865138 0.468381 0.468381 0.468381
4238.224121 0.000000 1994.680664 0.000000 0.767137 0.000000 -0.641484 0.476502 0.476502 0.476502
4247.773926 0.000000 1993.439209 0.000000 0.974234 0.000000 -0.225540 0.403976 0.403976 0.403976
4242.225098 0.000000 1989.558594 0.000000 0.014825 0.000000 0.999890 0.354162 0.354162 0.354162
4242.322266 0.000000 2008.406494 0.000000 0.975511 0.000000 -0.219949 0.408858 0.408858 0.408858
4234.702148 0.000000 2005.773071 0.000000 0.517822 0.000000 0.855488 0.365147 0.365147 0.365147
4234.881348 0.000000 2002.311035 0.000000 0.317954 0.000000 0.948106 0.354539 0.354539 0.354539
4229.414062 0.000000 2014.252808 0.000000 0.888411 0.000000 0.459049 0.381902 0.381902 0.381902
4240.816406 0.000000 1993.805054 0.000000 0.518161 0.000000 -0.855283 0.485049 0.485049 0.485049
4238.032715 0.000000 1988.777100 0.000000 0.027808 0.000000 -0.999613 0.473961 0.473961 0.473961
4226.257324 0.000000 2001.653198 0.000000 0.880785 0.000000 0.473516 0.378079 0.378079 0.378079
4251.661133 0.000000 2001.094360 0.000000 0.285401 0.000000 0.958408 0.316826 0.316826 0.316826
4446.321777 0.000000 1852.532349 0.000000 0.238345 0.000000 0.971180 0.350189 0.350189 0.350189
4452.794922 0.000000 1852.992188 0.000000 0.486848 0.000000 0.873487 0.362340 0.362340 0.362340
4450.914551 0.000000 1854.808716 0.000000 0.817854 0.000000 0.575425 0.358365 0.358365 0.358365
4461.599121 0.000000 1885.833252 0.000000 0.852666 0.000000 -0.522456 0.402745 0.402745 0.402745
4455.696289 0.000000 1867.581909 0.000000 0.149857 0.000000 -0.988708 0.419858 0.419858 0.419858
4454.335449 0.000000 1864.407104 0.000000 0.964669 0.000000 -0.263466 0.408120 0.408120 0.408120
4458.038574 0.000000 1882.983154 0.000000 0.775066 0.000000 -0.631880 0.426980 0.426980 0.426980
4446.962891 0.000000 1864.139038 0.000000 0.366278 0.000000 0.930505 0.342681 0.342681 0.342681
4461.307617 0.000000 1876.105469 0.000000 0.968194 0.000000 -0.250202 0.411112 0.411112 0.411112
4449.344727 0.000000 1873.581543 0.000000 0.796109 0.000000 -0.605154 0.422393 0.422393 0.422393
4456.638672 0.000000 1875.488892 0.000000 0.371149 0.000000 -0.928573 0.494518 0.494518 0.494518
4454.891602 0.000000 1855.600708 0.000000 0.581905 0.000000 -0.813257 0.437462 0.437462 0.437462
4460.819336 0.000000 1878.816895 0.000000 0.653670 0.000000 0.756779 0.363141 0.363141 0.363141
4450.673828 0.000000 1878.562744 0.000000 0.883047 0.000000 -0.469285 0.439025 0.439025 0.439025
4455.029785 0.000000 1883.607788 0.000000 0.423416 0.000000 -0.905935 0.468487 0.468487 0.468487
4452.852539 0.000000 1882.085693 0.000000 0.619345 0.000000 -0.785119 0.452295 0.452295 0.452295
4449.019531 0.000000 1865.357178 0.000000 0.712167 0.000000 0.702010 0.356480 0.356480 0.356480
4446.277832 0.000000 1855.619385 0.000000 0.227066 0.000000 -0.973879 0.479723 0.479723 0.479723
4467.158203 0.000000 2020.349976 0.000000 0.194276 0.000000 0.980947 0.242748 0.242748 0.242748
4455.308594 0.000000 2022.954712 0.000000 0.243314 0.000000 0.969948 0.390738 0.390738 0.390738
4472.155273 0.000000 2023.111816 0.000000 0.877209 0.000000 -0.480109 0.455010 0.455010 0.455010
4460.408203 0.000000 2041.737305 0.000000 0.135321 0.000000 -0.990802 0.556922 0.556922 0.556922
4453.445312 0.000000 2040.940430 0.000000 0.476504 0.000000 0.879172 0.387128 0.387128 0.387128
4473.130859 0.000000 2031.210571 0.000000 0.880078 0.000000 0.474828 0.392342 0.392342 0.392342
4469.450195 0.000000 2045.581787 0.000000 0.083592 0.000000 -0.996500 0.436384 0.436384 0.436384
4466.314453 0.000000 2047.490723 0.000000 0.604148 0.000000 -0.796872 0.425783 0.425783 0.425783
4457.818359 0.000000 2035.040283 0.000000 0.378690 0.000000 0.925523 0.365757 0.365757 0.365757
4469.831055 0.000000 2038.290649 0.000000 0.975542 0.000000 0.219814 0.392033 0.392033 0.392033
4460.756348 0.000000 2032.954102 0.000000 0.224002 0.000000 -0.974589 0.436933 0.436933 0.436933
4463.341309 0.000000 2042.140991 0.000000 0.509515 0.000000 0.860462 0.298595 0.298595 0.298595
4457.878906 0.000000 2020.849487 0.000000 0.379806 0.000000 0.925066 0.353996 0.353996 0.353996
4461.307617 0.000000 2004.074219 0.000000 0.804344 0.000000 0.594164 0.374268 0.374268 0.374268
4473.877441 0.000000 2025.401611 0.000000 0.439525 0.000000 -0.898230 0.500277 0.500277 0.500277
4470.051758 0.000000 2025.275513 0.000000 0.827630 0.000000 0.561274 0.350607 0.350607 0.350607
4464.081055 0.000000 2025.532349 0.000000 0.382874 0.000000 0.923800 0.335894 0.335894 0.335894
4469.135254 0.000000 2001.924927 0.000000 0.992329 0.000000 -0.123627 0.409840 0.409840 0.409840
4465.923828 0.000000 2007.065430 0.000000 0.849758 0.000000 0.527174 0.355917 0.355917 0.355917
4468.705078 0.000000 2027.368896 0.000000 0.099634 0.000000 -0.995024 0.469776 0.469776 0.469776
4459.058105 0.000000 2014.163452 0.000000 0.621416 0.000000 -0.783481 0.454390 0.454390 0.454390
4461.361328 0.000000 2044.022461 0.000000 0.168291 0.000000 -0.985737 0.504283 0.504283 0.504283
4466.558105 0.000000 2014.055176 0.000000 0.925508 0.000000 -0.378729 0.429285 0.429285 0.429285
4461.049805 0.000000 2022.205200 0.000000 0.742428 0.000000 0.669925 0.357480 0.357480 0.357480
4465.937012 0.000000 2009.697632 0.000000 0.467072 0.000000 -0.884219 0.476916 0.476916 0.476916
4471.440430 0.000000 2001.931641 0.000000 0.943568 0.000000 -0.331178 0.422416 0.422416 0.422416
4458.631836 0.000000 2037.131470 0.000000 0.305478 0.000000 0.952199 0.318190 0.318190 0.318190
4476.259766 0.000000 2025.192139 0.000000 0.919019 0.000000 -0.394213 0.427112 0.427112 0.427112
4458.906250 0.000000 2018.692505 0.000000 0.961505 0.000000 0.274787 0.380263 0.380263 0.380263
4481.916016 0.000000 2020.212524 0.000000 0.179219 0.000000 -0.983809 0.436800 0.436800 0.436800
4479.662109 0.000000 2024.789429 0.000000 0.999741 0.000000 0.022762 0.398977 0.398977 0.398977
4316.249512 0.000000 2062.810791 0.000000 0.858393 0.000000 -0.512992 0.458903 0.458903 0.458903
4342.848633 0.000000 2068.026367 0.000000 0.846293 0.000000 0.532718 0.335201 0.335201 0.335201
4318.192871 0.000000 2083.308838 0.000000 0.380229 0.000000 -0.924892 0.406485 0.406485 0.406485
4322.571777 0.000000 2073.109131 0.000000 0.624553 0.000000 0.780983 0.301997 0.301997 0.301997
4315.045410 0.000000 2079.750244 0.000000 0.082664 0.000000 -0.996577 0.422290 0.422290 0.422290
4325.066406 0.000000 2061.232422 0.000000 0.904703 0.000000 -0.426042 0.414504 0.414504 0.414504
4349.063965 0.000000 2080.582275 0.000000 0.496146 0.000000 0.868239 0.361143 0.361143 0.361143
4320.068848 0.000000 2071.380615 0.000000 0.771990 0.000000 -0.635634 0.466724 0.466724 0.466724
4317.869629 0.000000 2078.820557 0.000000 0.328742 0.000000 0.944420 0.358040 0.358040 0.358040
4321.360352 0.000000 2065.534668 0.000000 0.762140 0.000000 -0.647412 0.461179 0.461179 0.461179
4330.383789 0.000000 2072.116943 0.000000 0.718580 0.000000 -0.695444 0.428415 0.428415 0.428415
4331.716309 0.000000 2063.035156 0.000000 0.873844 0.000000 0.486207 0.382253 0.382253 0.382253
4314.427734 0.000000 2071.746826 0.000000 0.902828 0.000000 -0.430002 0.417533 0.417533 0.417533
4323.628906 0.000000 2066.857666 0.000000 0.992738 0.000000 0.120295 0.390788 0.390788 0.390788
4339.677734 0.000000 2075.197266 0.000000 0.175377 0.000000 -0.984501 0.506533 0.506533 0.506533
4316.444824 0.000000 2057.603516 0.000000 0.864697 0.000000 -0.502295 0.432057 0.432057 0.432057
4321.035156 0.000000 2057.310303 0.000000 0.673122 0.000000 -0.739531 0.440730 0.440730 0.440730
4315.653320 0.000000 2065.078613 0.000000 0.032971 0.000000 0.999456 0.281751 0.281751 0.281751
4314.040039 0.000000 2057.111084 0.000000 0.524451 0.000000 -0.851441 0.454427 0.454427 0.454427
4320.781738 0.000000 2059.579102 0.000000 0.485394 0.000000 0.874296 0.326687 0.326687 0.326687
4337.952637 0.000000 2073.681885 0.000000 0.976151 0.000000 0.217093 0.383501 0.383501 0.383501
4343.456055 0.000000 2065.916016 0.000000 0.497084 0.000000 -0.867703 0.459799 0.459799 0.459799
4356.957520 0.000000 2065.822266 0.000000 0.247186 0.000000 -0.968968 0.436938 0.436938 0.436938
4354.241699 0.000000 2065.637695 0.000000 0.094973 0.000000 0.995480 0.332949 0.332949 0.332949
4456.896484 0.000000 2049.571289 0.000000 0.905366 0.000000 0.424632 0.396058 0.396058 0.396058
4467.401855 0.000000 2047.936768 0.000000 0.890320 0.000000 -0.455335 0.413219 0.413219 0.413219
4113.581543 0.000000 2483.850342 0.000000 0.414893 0.000000 0.909870 0.388586 0.388586 0.388586
4114.973145 0.000000 2493.251953 0.000000 0.924349 0.000000 -0.381548 0.410555 0.410555 0.410555
4103.041016 0.000000 2484.014648 0.000000 0.975906 0.000000 -0.218190 0.407688 0.407688 0.407688
4111.715820 0.000000 2491.034912 0.000000 0.004732 0.000000 -0.999989 0.527458 0.527458 0.527458
4200.651367 0.000000 2461.561035 0.000000 0.732817 0.000000 0.680426 0.313686 0.313686 0.313686
4197.979004 0.000000 2452.079834 0.000000 0.512013 0.000000 0.858978 0.381943 0.381943 0.381943
4222.678711 0.000000 2438.309082 0.000000 0.783395 0.000000 -0.621524 0.471664 0.471664 0.471664
4212.408691 0.000000 2465.219238 0.000000 0.423787 0.000000 -0.905762 0.432251 0.432251 0.432251
4214.723145 0.000000 2455.187500 0.000000 0.365470 0.000000 -0.930823 0.434058 0.434058 0.434058
4213.126953 0.000000 2470.658936 0.000000 0.995828 0.000000 -0.091248 0.402737 0.402737 0.402737
4197.112793 0.000000 2455.004639 0.000000 0.998539 0.000000 0.054041 0.398110 0.398110 0.398110
4206.962891 0.000000 2443.181152 0.000000 0.489123 0.000000 -0.872215 0.442330 0.442330 0.442330
4209.098633 0.000000 2447.703857 0.000000 0.617872 0.000000 0.786278 0.315522 0.315522 0.315522
4200.669922 0.000000 2451.348389 0.000000 0.745813 0.000000 0.666155 0.374155 0.374155 0.374155
4203.731934 0.000000 2446.941406 0.000000 0.868040 0.000000 -0.496495 0.421272 0.421272 0.421272
4206.581543 0.000000 2446.041016 0.000000 0.958441 0.000000 0.285290 0.375876 0.375876 0.375876
4208.112305 0.000000 2473.422852 0.000000 0.262283 0.000000 -0.964991 0.471698 0.471698 0.471698
4206.589844 0.000000 2459.228760 0.000000 0.906185 0.000000 0.422881 0.362284 0.362284 0.362284
4215.316895 0.000000 2445.098145 0.000000 0.298282 0.000000 0.954478 0.346822 0.346822 0.346822
4213.166504 0.000000 2449.815674 0.000000 0.880159 0.000000 -0.474680 0.438526 0.438526 0.438526
4210.265625 0.000000 2470.606445 0.000000 0.545669 0.000000 -0.838001 0.452589 0.452589 0.452589
4209.955078 0.000000 2454.956055 0.000000 0.487704 0.000000 -0.873009 0.486380 0.486380 0.486380
4198.289551 0.000000 2462.481201 0.000000 0.896182 0.000000 0.443687 0.362586 0.362586 0.362586
4199.061035 0.000000 2459.467041 0.000000 0.832490 0.000000 -0.554040 0.446912 0.446912 0.446912
4196.883789 0.000000 2457.945068 0.000000 0.525675 0.000000 0.850685 0.350730 0.350730 0.350730
4205.562988 0.000000 2472.293213 0.000000 0.389648 0.000000 -0.920964 0.477734 0.477734 0.477734
4208.011719 0.000000 2461.982422 0.000000 0.198202 0.000000 -0.980161 0.497226 0.497226 0.497226
4218.882324 0.000000 2447.144775 0.000000 0.042176 0.000000 0.999110 0.298488 0.298488 0.298488
4220.020020 0.000000 2450.047852 0.000000 0.299381 0.000000 0.954134 0.298167 0.298167 0.298167
4216.201172 0.000000 2447.311035 0.000000 0.949909 0.000000 -0.312527 0.415871 0.415871 0.415871
4219.863770 0.000000 2439.996338 0.000000 0.414828 0.000000 0.909900 0.319527 0.319527 0.319527
4220.146484 0.000000 2454.625244 0.000000 0.166867 0.000000 0.985979 0.313125 0.313125 0.313125
4210.151367 0.000000 2466.229004 0.000000 0.397166 0.000000 -0.917747 0.471387 0.471387 0.471387
4209.968262 0.000000 2457.588135 0.000000 0.644937 0.000000 -0.764236 0.459937 0.459937 0.459937
4215.471680 0.000000 2449.822266 0.000000 0.927961 0.000000 -0.372678 0.422691 0.422691 0.422691
4106.671875 0.000000 2520.461670 0.000000 0.091490 0.000000 -0.995806 0.561746 0.561746 0.561746
4103.666992 0.000000 2529.573975 0.000000 0.267564 0.000000 0.963540 0.381177 0.381177 0.381177
4100.988770 0.000000 2513.712891 0.000000 0.788569 0.000000 -0.614947 0.415543 0.415543 0.415543
4107.283691 0.000000 2528.558105 0.000000 0.648306 0.000000 0.761380 0.382715 0.382715 0.382715
4101.388184 0.000000 2503.285889 0.000000 0.371805 0.000000 0.928311 0.367324 0.367324 0.367324
4098.845703 0.000000 2508.453369 0.000000 0.593210 0.000000 -0.805048 0.421960 0.421960 0.421960
4096.031738 0.000000 2495.540527 0.000000 0.152244 0.000000 0.988343 0.253444 0.253444 0.253444
4104.647461 0.000000 2512.588623 0.000000 0.370755 0.000000 0.928731 0.364915 0.364915 0.364915
4105.162109 0.000000 2499.371094 0.000000 0.480760 0.000000 -0.876852 0.433636 0.433636 0.433636
4111.471191 0.000000 2525.520264 0.000000 0.785726 0.000000 -0.618575 0.428305 0.428305 0.428305
4098.109375 0.000000 2518.691406 0.000000 0.873107 0.000000 0.487529 0.377878 0.377878 0.377878
4108.679199 0.000000 2522.456543 0.000000 0.935033 0.000000 0.354560 0.371949 0.371949 0.371949
4105.299805 0.000000 2526.804688 0.000000 0.067452 0.000000 -0.997723 0.468305 0.468305 0.468305
4100.033203 0.000000 2499.173828 0.000000 0.422299 0.000000 -0.906457 0.472528 0.472528 0.472528
4225.829590 0.000000 2451.984619 0.000000 0.999038 0.000000 0.043864 0.395202 0.395202 0.395202
4223.605469 0.000000 2443.893799 0.000000 0.351860 0.000000 0.936053 0.269972 0.269972 0.269972
4238.032715 0.000000 2436.667725 0.000000 0.578220 0.000000 -0.815881 0.441929 0.441929 0.441929
4233.233398 0.000000 2446.495361 0.000000 0.030886 0.000000 -0.999523 0.501493 0.501493 0.501493
4345.887695 0.000000 2444.931641 0.000000 0.882545 0.000000 0.470228 0.399022 0.399022 0.399022
4334.049805 0.000000 2448.737061 0.000000 0.482278 0.000000 -0.876018 0.516735 0.516735 0.516735
4313.666504 0.000000 2459.245605 0.000000 0.757733 0.000000 0.652564 0.322257 0.322257 0.322257
4320.171875 0.000000 2437.451416 0.000000 0.921613 0.000000 -0.388111 0.407165 0.407165 0.407165
4307.025391 0.000000 2465.533447 0.000000 0.985194 0.000000 0.171445 0.397075 0.397075 0.397075
4345.580078 0.000000 2449.197754 0.000000 0.868490 0.000000 -0.495707 0.411653 0.411653 0.411653
4304.085449 0.000000 2454.426514 0.000000 0.020274 0.000000 0.999794 0.365936 0.365936 0.365936
4340.393066 0.000000 2465.219238 0.000000 0.998623 0.000000 -0.052469 0.401677 0.401677 0.401677
4339.689941 0.000000 2453.135498 0.000000 0.006254 0.000000 0.999980 0.240637 0.240637 0.240637
4342.707520 0.000000 2455.187500 0.000000 0.979133 0.000000 0.203222 0.380177 0.380177 0.380177
4311.996582 0.000000 2456.720215 0.000000 0.545415 0.000000 0.838166 0.301242 0.301242 0.301242
4320.068848 0.000000 2455.286865 0.000000 0.708306 0.000000 -0.705906 0.428957 0.428957 0.428957
4312.306641 0.000000 2465.077393 0.000000 0.998310 0.000000 0.058114 0.397532 0.397532 0.397532
4345.200195 0.000000 2460.579590 0.000000 0.925768 0.000000 0.378092 0.365539 0.365539 0.365539
4317.869629 0.000000 2462.726807 0.000000 0.832580 0.000000 0.553905 0.372740 0.372740 0.372740
4340.081543 0.000000 2444.685791 0.000000 0.979294 0.000000 -0.202444 0.408550 0.408550 0.408550
4334.947266 0.000000 2443.181152 0.000000 0.439213 0.000000 -0.898383 0.450711 0.450711 0.450711
4337.083008 0.000000 2447.703857 0.000000 0.781027 0.000000 -0.624497 0.462977 0.462977 0.462977
4333.323242 0.000000 2451.964844 0.000000 0.014150 0.000000 -0.999900 0.539905 0.539905 0.539905
4330.383789 0.000000 2456.023193 0.000000 0.424949 0.000000 -0.905217 0.502295 0.502295 0.502295
4313.072266 0.000000 2438.720215 0.000000 0.992665 0.000000 -0.120896 0.404841 0.404841 0.404841
4315.823730 0.000000 2460.935059 0.000000 0.307591 0.000000 -0.951519 0.502397 0.502397 0.502397
4312.987793 0.000000 2461.875244 0.000000 0.482933 0.000000 0.875657 0.302523 0.302523 0.302523
4314.427734 0.000000 2455.653076 0.000000 0.836626 0.000000 -0.547775 0.443997 0.443997 0.443997
4322.294434 0.000000 2445.403564 0.000000 0.197814 0.000000 0.980240 0.332196 0.332196 0.332196
4332.834961 0.000000 2454.676270 0.000000 0.666817 0.000000 0.745221 0.325266 0.325266 0.325266
4334.574219 0.000000 2459.228760 0.000000 0.041866 0.000000 0.999123 0.313735 0.313735 0.313735
4323.017090 0.000000 2462.649902 0.000000 0.970903 0.000000 -0.239475 0.411592 0.411592 0.411592
4337.939453 0.000000 2454.956055 0.000000 0.577445 0.000000 -0.816430 0.482034 0.482034 0.482034
4322.689453 0.000000 2454.422119 0.000000 0.974174 0.000000 0.225799 0.389651 0.389651 0.389651
4326.273926 0.000000 2462.481201 0.000000 0.990039 0.000000 -0.140792 0.411003 0.411003 0.411003
4311.927734 0.000000 2443.876221 0.000000 0.762073 0.000000 0.647492 0.365889 0.365889 0.365889
4324.868164 0.000000 2457.945068 0.000000 0.874612 0.000000 -0.484824 0.439679 0.439679 0.439679
4331.073730 0.000000 2462.054199 0.000000 0.915490 0.000000 -0.402341 0.427291 0.427291 0.427291
4316.444824 0.000000 2441.509766 0.000000 0.310633 0.000000 -0.950530 0.500883 0.500883 0.500883
4338.573730 0.000000 2461.945801 0.000000 0.394208 0.000000 0.919021 0.337727 0.337727 0.337727
4306.789551 0.000000 2458.849609 0.000000 0.969005 0.000000 -0.247042 0.413960 0.413960 0.413960
4320.272949 0.000000 2458.080811 0.000000 0.041704 0.000000 0.999130 0.309909 0.309909 0.309909
4321.035156 0.000000 2441.216553 0.000000 0.904164 0.000000 0.427186 0.374435 0.374435 0.374435
4315.653320 0.000000 2448.984863 0.000000 0.970010 0.000000 0.243064 0.382714 0.382714 0.382714
4348.130859 0.000000 2454.625244 0.000000 0.481702 0.000000 -0.876335 0.455470 0.455470 0.455470
4332.118164 0.000000 2459.814697 0.000000 0.015887 0.000000 0.999874 0.296741 0.296741 0.296741
4314.040039 0.000000 2441.017334 0.000000 0.374160 0.000000 0.927364 0.311668 0.311668 0.311668
4308.666504 0.000000 2460.807373 0.000000 0.836725 0.000000 -0.547623 0.440800 0.440800 0.440800
4339.379395 0.000000 2447.935059 0.000000 0.837191 0.000000 0.546911 0.355504 0.355504 0.355504
4320.781738 0.000000 2443.485352 0.000000 0.608366 0.000000 0.793656 0.334997 0.334997 0.334997
4318.330566 0.000000 2456.963623 0.000000 0.822824 0.000000 0.568296 0.367707 0.367707 0.367707
4347.562988 0.000000 2460.115967 0.000000 0.309329 0.000000 -0.950955 0.494093 0.494093 0.494093
4337.952637 0.000000 2457.588135 0.000000 0.217061 0.000000 0.976158 0.299416 0.299416 0.299416
4313.196777 0.000000 2451.645264 0.000000 0.905509 0.000000 -0.424327 0.427570 0.427570 0.427570
4327.009766 0.000000 2464.707764 0.000000 0.940383 0.000000 0.340118 0.381459 0.381459 0.381459
4323.021973 0.000000 2459.065918 0.000000 0.761217 0.000000 0.648498 0.352789 0.352789 0.352789
4348.376465 0.000000 2456.822510 0.000000 0.176827 0.000000 -0.984242 0.486249 0.486249 0.486249
4351.519043 0.000000 2459.389893 0.000000 0.971682 0.000000 -0.236292 0.409052 0.409052 0.409052
"}
